2.895000000000000000e+03 1.304310000000000080e+01 4.200000000000000000e+01
1.525000000000000000e+03 1.322509999999999941e+01 1.600000000000000000e+01
3.644000000000000000e+03 1.253589999999999982e+01 4.300000000000000000e+01
1.645000000000000000e+03 1.304020000000000046e+01 2.700000000000000000e+01
2.540000000000000000e+03 1.242329999999999934e+01 3.400000000000000000e+01
3.931000000000000000e+03 1.313930000000000042e+01 4.400000000000000000e+01
3.427000000000000000e+03 1.279679999999999929e+01 4.000000000000000000e+01
5.071000000000000000e+03 1.252350000000000030e+01 4.800000000000000000e+01
2.706000000000000000e+03 1.305579999999999963e+01 2.700000000000000000e+01
3.794000000000000000e+03 1.300089999999999968e+01 4.300000000000000000e+01
3.541000000000000000e+03 1.278659999999999997e+01 4.300000000000000000e+01
4.261000000000000000e+03 1.227769999999999939e+01 5.900000000000000000e+01
1.445000000000000000e+03 1.302490000000000059e+01 1.800000000000000000e+01
3.867000000000000000e+03 1.234549999999999947e+01 4.700000000000000000e+01
4.124000000000000000e+03 1.244130000000000003e+01 5.800000000000000000e+01
3.722000000000000000e+03 1.254100000000000037e+01 4.300000000000000000e+01
2.193000000000000000e+03 1.264370000000000083e+01 3.400000000000000000e+01
1.861000000000000000e+03 1.289380000000000059e+01 2.400000000000000000e+01
1.094000000000000000e+03 1.300130000000000052e+01 1.400000000000000000e+01
5.788000000000000000e+03 1.259229999999999983e+01 4.400000000000000000e+01
2.503000000000000000e+03 1.264220000000000077e+01 3.200000000000000000e+01
1.470000000000000000e+03 1.295180000000000042e+01 2.100000000000000000e+01
3.298000000000000000e+03 1.293999999999999950e+01 4.100000000000000000e+01
4.011000000000000000e+03 1.241469999999999985e+01 4.800000000000000000e+01
1.716000000000000000e+03 1.297189999999999976e+01 2.100000000000000000e+01
3.315000000000000000e+03 1.233280000000000065e+01 4.100000000000000000e+01
1.829000000000000000e+03 1.306949999999999967e+01 2.300000000000000000e+01
3.777000000000000000e+03 1.293299999999999983e+01 4.100000000000000000e+01
2.970000000000000000e+03 1.295420000000000016e+01 3.600000000000000000e+01
9.400000000000000000e+02 1.291999999999999993e+01 1.600000000000000000e+01
3.808000000000000000e+03 1.244469999999999921e+01 4.800000000000000000e+01
2.284000000000000000e+03 1.312739999999999974e+01 2.700000000000000000e+01
2.116000000000000000e+03 1.240729999999999933e+01 2.900000000000000000e+01
3.066000000000000000e+03 1.278669999999999973e+01 4.600000000000000000e+01
3.496000000000000000e+03 1.295679999999999943e+01 4.500000000000000000e+01
6.352000000000000000e+03 1.259249999999999936e+01 6.000000000000000000e+01
9.670000000000000000e+02 1.306789999999999985e+01 1.000000000000000000e+01
3.440000000000000000e+03 1.248090000000000011e+01 4.900000000000000000e+01
3.380000000000000000e+03 1.284720000000000084e+01 3.600000000000000000e+01
2.519000000000000000e+03 1.259629999999999939e+01 3.300000000000000000e+01
3.505000000000000000e+03 1.236810000000000009e+01 4.000000000000000000e+01
1.797000000000000000e+03 1.317810000000000059e+01 2.700000000000000000e+01
3.370000000000000000e+03 1.274670000000000059e+01 5.000000000000000000e+01
2.741000000000000000e+03 1.282929999999999993e+01 3.600000000000000000e+01
1.440000000000000000e+03 1.310909999999999975e+01 1.400000000000000000e+01
1.892000000000000000e+03 1.276619999999999955e+01 3.000000000000000000e+01
2.529000000000000000e+03 1.276120000000000054e+01 2.800000000000000000e+01
3.212000000000000000e+03 1.314240000000000030e+01 3.500000000000000000e+01
1.790000000000000000e+03 1.292999999999999972e+01 1.900000000000000000e+01
7.059000000000000000e+03 1.245120000000000005e+01 6.900000000000000000e+01
3.061000000000000000e+03 1.240930000000000000e+01 3.200000000000000000e+01
4.317000000000000000e+03 1.227689999999999948e+01 5.700000000000000000e+01
4.397000000000000000e+03 1.226689999999999969e+01 5.700000000000000000e+01
1.899000000000000000e+03 1.314700000000000024e+01 2.200000000000000000e+01
2.930000000000000000e+03 1.238129999999999953e+01 3.600000000000000000e+01
2.268000000000000000e+03 1.242360000000000042e+01 2.500000000000000000e+01
2.030000000000000000e+03 1.258559999999999945e+01 3.000000000000000000e+01
3.957000000000000000e+03 1.268019999999999925e+01 4.300000000000000000e+01
6.162000000000000000e+03 1.232970000000000077e+01 6.400000000000000000e+01
2.117000000000000000e+03 1.247729999999999961e+01 3.200000000000000000e+01
2.615000000000000000e+03 1.229749999999999943e+01 3.100000000000000000e+01
4.193000000000000000e+03 1.237550000000000061e+01 4.500000000000000000e+01
4.191000000000000000e+03 1.255150000000000077e+01 4.500000000000000000e+01
4.320000000000000000e+03 1.263519999999999932e+01 4.600000000000000000e+01
3.204000000000000000e+03 1.283779999999999966e+01 4.000000000000000000e+01
1.805000000000000000e+03 1.262620000000000076e+01 2.700000000000000000e+01
2.981000000000000000e+03 1.285360000000000014e+01 3.400000000000000000e+01
2.642000000000000000e+03 1.274540000000000006e+01 2.900000000000000000e+01
2.880000000000000000e+03 1.302849999999999930e+01 3.200000000000000000e+01
4.438000000000000000e+03 1.238909999999999911e+01 5.000000000000000000e+01
2.962000000000000000e+03 1.244529999999999959e+01 3.400000000000000000e+01
6.255000000000000000e+03 1.265080000000000027e+01 4.900000000000000000e+01
1.782000000000000000e+03 1.287390000000000079e+01 3.200000000000000000e+01
6.475000000000000000e+03 1.262439999999999962e+01 5.900000000000000000e+01
4.886000000000000000e+03 1.262480000000000047e+01 4.700000000000000000e+01
2.530000000000000000e+03 1.311309999999999931e+01 2.800000000000000000e+01
5.007000000000000000e+03 1.243629999999999924e+01 5.600000000000000000e+01
3.026000000000000000e+03 1.281760000000000055e+01 3.700000000000000000e+01
1.454000000000000000e+03 1.317409999999999926e+01 1.700000000000000000e+01
2.916000000000000000e+03 1.243149999999999977e+01 3.600000000000000000e+01
2.867000000000000000e+03 1.302829999999999977e+01 3.300000000000000000e+01
1.588000000000000000e+03 1.270829999999999949e+01 2.400000000000000000e+01
3.610000000000000000e+03 1.231639999999999979e+01 3.700000000000000000e+01
4.226000000000000000e+03 1.277749999999999986e+01 4.800000000000000000e+01
4.608000000000000000e+03 1.232450000000000045e+01 4.500000000000000000e+01
4.005000000000000000e+03 1.244640000000000057e+01 4.100000000000000000e+01
5.006000000000000000e+03 1.238129999999999953e+01 4.200000000000000000e+01
3.157000000000000000e+03 1.305259999999999998e+01 3.100000000000000000e+01
2.943000000000000000e+03 1.296419999999999995e+01 2.800000000000000000e+01
2.633000000000000000e+03 1.306240000000000023e+01 2.100000000000000000e+01
3.444000000000000000e+03 1.268379999999999974e+01 3.800000000000000000e+01
1.855000000000000000e+03 1.315320000000000000e+01 2.700000000000000000e+01
2.689000000000000000e+03 1.320589999999999975e+01 3.600000000000000000e+01
3.322000000000000000e+03 1.301640000000000086e+01 4.500000000000000000e+01
4.065000000000000000e+03 1.250430000000000064e+01 3.200000000000000000e+01
1.712000000000000000e+03 1.264879999999999960e+01 2.300000000000000000e+01
2.877000000000000000e+03 1.318249999999999922e+01 3.000000000000000000e+01
2.757000000000000000e+03 1.229560000000000031e+01 4.600000000000000000e+01
1.672000000000000000e+03 1.293699999999999939e+01 2.200000000000000000e+01
1.194000000000000000e+03 1.299590000000000067e+01 1.800000000000000000e+01
1.754000000000000000e+03 1.263909999999999911e+01 2.200000000000000000e+01
4.000000000000000000e+03 1.232060000000000066e+01 4.300000000000000000e+01
4.281000000000000000e+03 1.266280000000000072e+01 4.500000000000000000e+01
2.390000000000000000e+03 1.274810000000000088e+01 2.600000000000000000e+01
4.269000000000000000e+03 1.264259999999999984e+01 4.500000000000000000e+01
3.924000000000000000e+03 1.257290000000000063e+01 4.100000000000000000e+01
3.867000000000000000e+03 1.271579999999999977e+01 4.500000000000000000e+01
5.596000000000000000e+03 1.262979999999999947e+01 5.200000000000000000e+01
1.297000000000000000e+03 1.304630000000000045e+01 2.000000000000000000e+01
6.378000000000000000e+03 1.236550000000000082e+01 5.600000000000000000e+01
3.729000000000000000e+03 1.278909999999999947e+01 5.000000000000000000e+01
3.293000000000000000e+03 1.292590000000000039e+01 4.200000000000000000e+01
3.704000000000000000e+03 1.258089999999999975e+01 4.200000000000000000e+01
4.558000000000000000e+03 1.255879999999999974e+01 5.400000000000000000e+01
3.623000000000000000e+03 1.275549999999999962e+01 3.400000000000000000e+01
4.590000000000000000e+02 1.303139999999999965e+01 8.000000000000000000e+00
4.140000000000000000e+03 1.232750000000000057e+01 4.600000000000000000e+01
2.138000000000000000e+03 1.303480000000000061e+01 3.000000000000000000e+01
3.521000000000000000e+03 1.230869999999999997e+01 5.700000000000000000e+01
2.959000000000000000e+03 1.305899999999999928e+01 3.800000000000000000e+01
3.267000000000000000e+03 1.280899999999999928e+01 2.800000000000000000e+01
1.399000000000000000e+03 1.300929999999999964e+01 2.000000000000000000e+01
1.568000000000000000e+03 1.240549999999999997e+01 2.200000000000000000e+01
8.980000000000000000e+02 1.315470000000000006e+01 1.300000000000000000e+01
2.747000000000000000e+03 1.232620000000000005e+01 4.700000000000000000e+01
1.125000000000000000e+03 1.313509999999999955e+01 2.000000000000000000e+01
3.891000000000000000e+03 1.274929999999999986e+01 4.200000000000000000e+01
4.175000000000000000e+03 1.232760000000000034e+01 4.100000000000000000e+01
1.868000000000000000e+03 1.318510000000000026e+01 2.100000000000000000e+01
3.433000000000000000e+03 1.292609999999999992e+01 4.400000000000000000e+01
1.184000000000000000e+03 1.274949999999999939e+01 2.100000000000000000e+01
1.541000000000000000e+03 1.268479999999999919e+01 2.700000000000000000e+01
3.772000000000000000e+03 1.260950000000000060e+01 4.500000000000000000e+01
5.140000000000000000e+03 1.243560000000000088e+01 4.300000000000000000e+01
1.298000000000000000e+03 1.301050000000000040e+01 1.600000000000000000e+01
4.754000000000000000e+03 1.294459999999999944e+01 4.300000000000000000e+01
4.091000000000000000e+03 1.246979999999999933e+01 5.000000000000000000e+01
5.340000000000000000e+03 1.235440000000000005e+01 4.500000000000000000e+01
3.141000000000000000e+03 1.265770000000000017e+01 4.000000000000000000e+01
1.737000000000000000e+03 1.270749999999999957e+01 2.100000000000000000e+01
2.830000000000000000e+03 1.238610000000000078e+01 3.500000000000000000e+01
2.861000000000000000e+03 1.242820000000000036e+01 3.200000000000000000e+01
1.651000000000000000e+03 1.320429999999999993e+01 2.400000000000000000e+01
5.127000000000000000e+03 1.235139999999999993e+01 5.000000000000000000e+01
2.003000000000000000e+03 1.321429999999999971e+01 3.200000000000000000e+01
1.419000000000000000e+03 1.310249999999999915e+01 2.100000000000000000e+01
2.792000000000000000e+03 1.303009999999999913e+01 3.000000000000000000e+01
2.386000000000000000e+03 1.232620000000000005e+01 3.000000000000000000e+01
4.455000000000000000e+03 1.300510000000000055e+01 4.800000000000000000e+01
4.948000000000000000e+03 1.229630000000000045e+01 5.400000000000000000e+01
5.355000000000000000e+03 1.237770000000000081e+01 5.400000000000000000e+01
3.627000000000000000e+03 1.228539999999999921e+01 4.600000000000000000e+01
3.965000000000000000e+03 1.317130000000000045e+01 2.600000000000000000e+01
2.705000000000000000e+03 1.261159999999999926e+01 3.300000000000000000e+01
5.582000000000000000e+03 1.248460000000000036e+01 5.500000000000000000e+01
1.903000000000000000e+03 1.251309999999999967e+01 3.000000000000000000e+01
3.522000000000000000e+03 1.264930000000000021e+01 3.500000000000000000e+01
2.121000000000000000e+03 1.268660000000000032e+01 2.700000000000000000e+01
2.512000000000000000e+03 1.239889999999999937e+01 3.900000000000000000e+01
4.974000000000000000e+03 1.230610000000000070e+01 5.500000000000000000e+01
2.258000000000000000e+03 1.253270000000000017e+01 3.400000000000000000e+01
2.097000000000000000e+03 1.249569999999999936e+01 2.800000000000000000e+01
2.730000000000000000e+03 1.298569999999999958e+01 2.800000000000000000e+01
1.591000000000000000e+03 1.294570000000000043e+01 2.000000000000000000e+01
3.538000000000000000e+03 1.291789999999999949e+01 4.600000000000000000e+01
4.290000000000000000e+03 1.266649999999999920e+01 5.000000000000000000e+01
6.262000000000000000e+03 1.248629999999999995e+01 5.500000000000000000e+01
1.810000000000000000e+03 1.268950000000000067e+01 2.500000000000000000e+01
2.285000000000000000e+03 1.291000000000000014e+01 2.600000000000000000e+01
3.434000000000000000e+03 1.226999999999999957e+01 4.300000000000000000e+01
2.911000000000000000e+03 1.231400000000000006e+01 4.300000000000000000e+01
1.890000000000000000e+03 1.285590000000000011e+01 2.800000000000000000e+01
1.733000000000000000e+03 1.261529999999999951e+01 2.600000000000000000e+01
3.177000000000000000e+03 1.301989999999999981e+01 3.500000000000000000e+01
4.500000000000000000e+03 1.226529999999999987e+01 5.200000000000000000e+01
3.781000000000000000e+03 1.246230000000000082e+01 4.000000000000000000e+01
2.678000000000000000e+03 1.273240000000000016e+01 4.200000000000000000e+01
5.820000000000000000e+02 1.293270000000000053e+01 1.200000000000000000e+01
2.886000000000000000e+03 1.272059999999999924e+01 3.700000000000000000e+01
2.964000000000000000e+03 1.290799999999999947e+01 3.500000000000000000e+01
3.993000000000000000e+03 1.292769999999999975e+01 4.500000000000000000e+01
4.157000000000000000e+03 1.244400000000000084e+01 5.300000000000000000e+01
4.074000000000000000e+03 1.245630000000000059e+01 5.500000000000000000e+01
3.629000000000000000e+03 1.249119999999999919e+01 3.800000000000000000e+01
1.085000000000000000e+03 1.302130000000000010e+01 1.700000000000000000e+01
5.324000000000000000e+03 1.227480000000000082e+01 6.500000000000000000e+01
3.590000000000000000e+03 1.292070000000000007e+01 3.400000000000000000e+01
3.608000000000000000e+03 1.279400000000000048e+01 3.900000000000000000e+01
2.472000000000000000e+03 1.252500000000000036e+01 3.300000000000000000e+01
2.337000000000000000e+03 1.303480000000000061e+01 3.300000000000000000e+01
4.235000000000000000e+03 1.254369999999999941e+01 4.200000000000000000e+01
2.469000000000000000e+03 1.250259999999999927e+01 3.700000000000000000e+01
1.424000000000000000e+03 1.295579999999999998e+01 1.800000000000000000e+01
4.581000000000000000e+03 1.226709999999999923e+01 4.700000000000000000e+01
1.416000000000000000e+03 1.237630000000000052e+01 1.800000000000000000e+01
3.193000000000000000e+03 1.252870000000000061e+01 3.300000000000000000e+01
2.523000000000000000e+03 1.297700000000000031e+01 3.200000000000000000e+01
3.033000000000000000e+03 1.236880000000000024e+01 4.000000000000000000e+01
4.150000000000000000e+03 1.276179999999999914e+01 4.300000000000000000e+01
3.117000000000000000e+03 1.233990000000000009e+01 3.700000000000000000e+01
2.303000000000000000e+03 1.297170000000000023e+01 3.500000000000000000e+01
2.293000000000000000e+03 1.254969999999999963e+01 3.200000000000000000e+01
3.819000000000000000e+03 1.257310000000000016e+01 4.800000000000000000e+01
3.767000000000000000e+03 1.232300000000000040e+01 4.000000000000000000e+01
8.640000000000000000e+02 1.315889999999999915e+01 1.300000000000000000e+01
3.286000000000000000e+03 1.248830000000000062e+01 3.400000000000000000e+01
3.051000000000000000e+03 1.312299999999999933e+01 3.200000000000000000e+01
1.291000000000000000e+03 1.310060000000000002e+01 2.100000000000000000e+01
7.287000000000000000e+03 1.238250000000000028e+01 7.100000000000000000e+01
2.208000000000000000e+03 1.298830000000000062e+01 3.300000000000000000e+01
3.975000000000000000e+03 1.278599999999999959e+01 3.800000000000000000e+01
2.706000000000000000e+03 1.316389999999999993e+01 3.000000000000000000e+01
2.106000000000000000e+03 1.279080000000000084e+01 2.800000000000000000e+01
3.234000000000000000e+03 1.316380000000000017e+01 3.900000000000000000e+01
1.460000000000000000e+02 1.280780000000000030e+01 5.000000000000000000e+00
1.876000000000000000e+03 1.294079999999999941e+01 2.600000000000000000e+01
3.575000000000000000e+03 1.242730000000000068e+01 3.600000000000000000e+01
4.362000000000000000e+03 1.238180000000000014e+01 5.500000000000000000e+01
2.445000000000000000e+03 1.309430000000000049e+01 3.000000000000000000e+01
2.147000000000000000e+03 1.291510000000000069e+01 2.200000000000000000e+01
2.460000000000000000e+03 1.293239999999999945e+01 3.100000000000000000e+01
3.344000000000000000e+03 1.278400000000000070e+01 3.400000000000000000e+01
6.898000000000000000e+03 1.230349999999999966e+01 5.500000000000000000e+01
4.565000000000000000e+03 1.274840000000000018e+01 4.100000000000000000e+01
2.579000000000000000e+03 1.292769999999999975e+01 2.400000000000000000e+01
2.101000000000000000e+03 1.233039999999999914e+01 2.600000000000000000e+01
1.775000000000000000e+03 1.237470000000000070e+01 2.500000000000000000e+01
5.760000000000000000e+03 1.255749999999999922e+01 6.000000000000000000e+01
3.500000000000000000e+03 1.293939999999999912e+01 3.500000000000000000e+01
3.434000000000000000e+03 1.302890000000000015e+01 3.700000000000000000e+01
8.740000000000000000e+02 1.285089999999999932e+01 1.300000000000000000e+01
1.554000000000000000e+03 1.255450000000000088e+01 2.700000000000000000e+01
1.739000000000000000e+03 1.264499999999999957e+01 2.600000000000000000e+01
3.669000000000000000e+03 1.276590000000000025e+01 3.900000000000000000e+01
3.757000000000000000e+03 1.260890000000000022e+01 4.600000000000000000e+01
8.570000000000000000e+02 1.292999999999999972e+01 1.500000000000000000e+01
4.115000000000000000e+03 1.277369999999999983e+01 4.400000000000000000e+01
2.936000000000000000e+03 1.282300000000000040e+01 3.600000000000000000e+01
2.076000000000000000e+03 1.321969999999999956e+01 2.500000000000000000e+01
2.932000000000000000e+03 1.294519999999999982e+01 3.200000000000000000e+01
3.089000000000000000e+03 1.287349999999999994e+01 3.400000000000000000e+01
6.132000000000000000e+03 1.263299999999999912e+01 5.700000000000000000e+01
2.292000000000000000e+03 1.313199999999999967e+01 3.200000000000000000e+01
3.655000000000000000e+03 1.247489999999999988e+01 4.200000000000000000e+01
1.764000000000000000e+03 1.299099999999999966e+01 2.000000000000000000e+01
5.722000000000000000e+03 1.240949999999999953e+01 5.700000000000000000e+01
4.649000000000000000e+03 1.273509999999999920e+01 5.300000000000000000e+01
2.494000000000000000e+03 1.278919999999999924e+01 2.600000000000000000e+01
5.088000000000000000e+03 1.315709999999999980e+01 4.400000000000000000e+01
2.765000000000000000e+03 1.236509999999999998e+01 3.100000000000000000e+01
2.860000000000000000e+03 1.321010000000000062e+01 3.000000000000000000e+01
1.623000000000000000e+03 1.315939999999999976e+01 2.100000000000000000e+01
4.064000000000000000e+03 1.306450000000000067e+01 4.700000000000000000e+01
1.722000000000000000e+03 1.279860000000000042e+01 2.200000000000000000e+01
4.322000000000000000e+03 1.238829999999999920e+01 4.700000000000000000e+01
3.293000000000000000e+03 1.302200000000000024e+01 4.000000000000000000e+01
2.647000000000000000e+03 1.295429999999999993e+01 3.300000000000000000e+01
1.977000000000000000e+03 1.305359999999999943e+01 3.100000000000000000e+01
2.921000000000000000e+03 1.317950000000000088e+01 3.300000000000000000e+01
3.304000000000000000e+03 1.280940000000000012e+01 3.000000000000000000e+01
5.044000000000000000e+03 1.318549999999999933e+01 5.300000000000000000e+01
3.359000000000000000e+03 1.313620000000000054e+01 3.000000000000000000e+01
4.709000000000000000e+03 1.284479999999999933e+01 4.500000000000000000e+01
2.970000000000000000e+03 1.286500000000000021e+01 3.900000000000000000e+01
3.060000000000000000e+03 1.309500000000000064e+01 3.600000000000000000e+01
2.175000000000000000e+03 1.241259999999999941e+01 2.900000000000000000e+01
6.041000000000000000e+03 1.304269999999999996e+01 5.000000000000000000e+01
1.859000000000000000e+03 1.294510000000000005e+01 2.900000000000000000e+01
5.059000000000000000e+03 1.254599999999999937e+01 6.100000000000000000e+01
4.275000000000000000e+03 1.308380000000000010e+01 4.500000000000000000e+01
3.170000000000000000e+03 1.269330000000000069e+01 4.300000000000000000e+01
5.776000000000000000e+03 1.241370000000000040e+01 4.900000000000000000e+01
2.646000000000000000e+03 1.263870000000000005e+01 3.600000000000000000e+01
3.697000000000000000e+03 1.313380000000000081e+01 4.400000000000000000e+01
3.796000000000000000e+03 1.262420000000000009e+01 4.700000000000000000e+01
1.822000000000000000e+03 1.252120000000000033e+01 2.600000000000000000e+01
2.582000000000000000e+03 1.262390000000000079e+01 3.200000000000000000e+01
3.097000000000000000e+03 1.244950000000000045e+01 3.200000000000000000e+01
8.570000000000000000e+02 1.318970000000000020e+01 1.400000000000000000e+01
3.298000000000000000e+03 1.284479999999999933e+01 4.000000000000000000e+01
3.863000000000000000e+03 1.322990000000000066e+01 4.600000000000000000e+01
2.334000000000000000e+03 1.320149999999999935e+01 2.800000000000000000e+01
2.287000000000000000e+03 1.286469999999999914e+01 1.900000000000000000e+01
3.819000000000000000e+03 1.246809999999999974e+01 4.900000000000000000e+01
3.829000000000000000e+03 1.271889999999999965e+01 4.900000000000000000e+01
9.220000000000000000e+02 1.289220000000000077e+01 1.200000000000000000e+01
1.619000000000000000e+03 1.258719999999999928e+01 2.700000000000000000e+01
1.626000000000000000e+03 1.292340000000000089e+01 2.200000000000000000e+01
3.085000000000000000e+03 1.298850000000000016e+01 3.100000000000000000e+01
2.443000000000000000e+03 1.250919999999999987e+01 2.600000000000000000e+01
4.999000000000000000e+03 1.308280000000000065e+01 5.000000000000000000e+01
3.685000000000000000e+03 1.279630000000000045e+01 5.000000000000000000e+01
3.030000000000000000e+02 1.293609999999999971e+01 1.100000000000000000e+01
3.756000000000000000e+03 1.274949999999999939e+01 4.300000000000000000e+01
2.586000000000000000e+03 1.270630000000000059e+01 3.300000000000000000e+01
3.388000000000000000e+03 1.230400000000000027e+01 5.100000000000000000e+01
4.630000000000000000e+03 1.242300000000000004e+01 4.200000000000000000e+01
4.754000000000000000e+03 1.248670000000000080e+01 4.500000000000000000e+01
2.583000000000000000e+03 1.264639999999999986e+01 3.500000000000000000e+01
1.107000000000000000e+03 1.321630000000000038e+01 1.500000000000000000e+01
2.970000000000000000e+03 1.319529999999999959e+01 3.600000000000000000e+01
3.149000000000000000e+03 1.278459999999999930e+01 3.800000000000000000e+01
2.359000000000000000e+03 1.291670000000000051e+01 3.000000000000000000e+01
5.391000000000000000e+03 1.227759999999999962e+01 5.200000000000000000e+01
3.419000000000000000e+03 1.295459999999999923e+01 3.100000000000000000e+01
6.191000000000000000e+03 1.245819999999999972e+01 7.500000000000000000e+01
3.845000000000000000e+03 1.263109999999999999e+01 4.000000000000000000e+01
2.836000000000000000e+03 1.248869999999999969e+01 3.300000000000000000e+01
2.527000000000000000e+03 1.298579999999999934e+01 2.900000000000000000e+01
2.813000000000000000e+03 1.293130000000000024e+01 3.400000000000000000e+01
2.475000000000000000e+03 1.305530000000000079e+01 3.400000000000000000e+01
1.967000000000000000e+03 1.257670000000000066e+01 2.400000000000000000e+01
2.077000000000000000e+03 1.280030000000000001e+01 3.200000000000000000e+01
1.851000000000000000e+03 1.300389999999999979e+01 2.800000000000000000e+01
5.931000000000000000e+03 1.287579999999999991e+01 6.000000000000000000e+01
5.228000000000000000e+03 1.235280000000000022e+01 6.600000000000000000e+01
1.163000000000000000e+03 1.237040000000000006e+01 2.200000000000000000e+01
3.090000000000000000e+03 1.266360000000000063e+01 3.400000000000000000e+01
3.091000000000000000e+03 1.275820000000000043e+01 3.800000000000000000e+01
2.241000000000000000e+03 1.307620000000000005e+01 2.600000000000000000e+01
5.085000000000000000e+03 1.257479999999999976e+01 5.100000000000000000e+01
3.602000000000000000e+03 1.255809999999999960e+01 3.900000000000000000e+01
4.038000000000000000e+03 1.232140000000000057e+01 3.600000000000000000e+01
2.343000000000000000e+03 1.267420000000000080e+01 4.200000000000000000e+01
4.611000000000000000e+03 1.276849999999999952e+01 5.200000000000000000e+01
3.614000000000000000e+03 1.258949999999999925e+01 4.400000000000000000e+01
3.346000000000000000e+03 1.273600000000000065e+01 3.400000000000000000e+01
1.944000000000000000e+03 1.317229999999999990e+01 3.100000000000000000e+01
5.421000000000000000e+03 1.270299999999999940e+01 6.100000000000000000e+01
1.931000000000000000e+03 1.292350000000000065e+01 2.500000000000000000e+01
3.492000000000000000e+03 1.237049999999999983e+01 4.900000000000000000e+01
1.410000000000000000e+03 1.290249999999999986e+01 1.500000000000000000e+01
3.925000000000000000e+03 1.244340000000000046e+01 4.000000000000000000e+01
3.855000000000000000e+03 1.262250000000000050e+01 4.100000000000000000e+01
5.562000000000000000e+03 1.260299999999999976e+01 5.600000000000000000e+01
1.612000000000000000e+03 1.257970000000000077e+01 2.800000000000000000e+01
1.815000000000000000e+03 1.318159999999999954e+01 2.100000000000000000e+01
4.345000000000000000e+03 1.263659999999999961e+01 4.000000000000000000e+01
4.734000000000000000e+03 1.229780000000000051e+01 6.300000000000000000e+01
3.171000000000000000e+03 1.256489999999999974e+01 3.700000000000000000e+01
3.833000000000000000e+03 1.261120000000000019e+01 4.700000000000000000e+01
3.563000000000000000e+03 1.228880000000000017e+01 3.700000000000000000e+01
2.256000000000000000e+03 1.298949999999999960e+01 2.800000000000000000e+01
4.550000000000000000e+03 1.294430000000000014e+01 5.100000000000000000e+01
3.125000000000000000e+03 1.269880000000000031e+01 3.200000000000000000e+01
1.648000000000000000e+03 1.284259999999999913e+01 2.000000000000000000e+01
1.943000000000000000e+03 1.255109999999999992e+01 2.300000000000000000e+01
2.816000000000000000e+03 1.309089999999999954e+01 3.000000000000000000e+01
4.797000000000000000e+03 1.254279999999999973e+01 4.700000000000000000e+01
1.710000000000000000e+03 1.300370000000000026e+01 2.800000000000000000e+01
4.708000000000000000e+03 1.237330000000000041e+01 5.800000000000000000e+01
5.101000000000000000e+03 1.288589999999999947e+01 5.200000000000000000e+01
4.016000000000000000e+03 1.249540000000000006e+01 4.600000000000000000e+01
2.771000000000000000e+03 1.320509999999999984e+01 3.000000000000000000e+01
4.577000000000000000e+03 1.235410000000000075e+01 5.400000000000000000e+01
1.970000000000000000e+03 1.285309999999999953e+01 2.400000000000000000e+01
3.097000000000000000e+03 1.241549999999999976e+01 3.700000000000000000e+01
4.629000000000000000e+03 1.308970000000000056e+01 3.900000000000000000e+01
3.426000000000000000e+03 1.296419999999999995e+01 4.100000000000000000e+01
2.768000000000000000e+03 1.242159999999999975e+01 3.700000000000000000e+01
3.975000000000000000e+03 1.232740000000000080e+01 5.100000000000000000e+01
3.205000000000000000e+03 1.285410000000000075e+01 3.500000000000000000e+01
1.443000000000000000e+03 1.261909999999999954e+01 2.300000000000000000e+01
1.773000000000000000e+03 1.318989999999999974e+01 1.700000000000000000e+01
1.326000000000000000e+03 1.295270000000000010e+01 2.300000000000000000e+01
1.719000000000000000e+03 1.300370000000000026e+01 2.100000000000000000e+01
2.473000000000000000e+03 1.322409999999999997e+01 3.400000000000000000e+01
2.133000000000000000e+03 1.320359999999999978e+01 3.500000000000000000e+01
4.946000000000000000e+03 1.248249999999999993e+01 5.100000000000000000e+01
4.579000000000000000e+03 1.228769999999999918e+01 4.700000000000000000e+01
1.522000000000000000e+03 1.320040000000000013e+01 2.900000000000000000e+01
2.593000000000000000e+03 1.256930000000000014e+01 3.500000000000000000e+01
3.284000000000000000e+03 1.268469999999999942e+01 3.700000000000000000e+01
1.943000000000000000e+03 1.257540000000000013e+01 3.200000000000000000e+01
2.007000000000000000e+03 1.323639999999999972e+01 2.600000000000000000e+01
2.681000000000000000e+03 1.321950000000000003e+01 3.200000000000000000e+01
3.438000000000000000e+03 1.259249999999999936e+01 4.300000000000000000e+01
3.538000000000000000e+03 1.297439999999999927e+01 4.200000000000000000e+01
5.350000000000000000e+02 1.251060000000000016e+01 1.200000000000000000e+01
2.805000000000000000e+03 1.292179999999999929e+01 2.900000000000000000e+01
3.248000000000000000e+03 1.240409999999999968e+01 3.900000000000000000e+01
4.677000000000000000e+03 1.247489999999999988e+01 4.400000000000000000e+01
4.611000000000000000e+03 1.250740000000000052e+01 4.800000000000000000e+01
3.528000000000000000e+03 1.281409999999999982e+01 3.400000000000000000e+01
2.154000000000000000e+03 1.314680000000000071e+01 2.200000000000000000e+01
8.750000000000000000e+02 1.264780000000000015e+01 1.600000000000000000e+01
4.682000000000000000e+03 1.239840000000000053e+01 6.000000000000000000e+01
5.843000000000000000e+03 1.234309999999999974e+01 5.500000000000000000e+01
3.174000000000000000e+03 1.323530000000000051e+01 3.600000000000000000e+01
3.078000000000000000e+03 1.257160000000000011e+01 3.800000000000000000e+01
3.393000000000000000e+03 1.260960000000000036e+01 4.300000000000000000e+01
3.975000000000000000e+03 1.247509999999999941e+01 4.400000000000000000e+01
3.924000000000000000e+03 1.266189999999999927e+01 4.800000000000000000e+01
2.389000000000000000e+03 1.306659999999999933e+01 3.300000000000000000e+01
2.450000000000000000e+03 1.313199999999999967e+01 3.300000000000000000e+01
9.040000000000000000e+02 1.319389999999999930e+01 1.700000000000000000e+01
1.784000000000000000e+03 1.275329999999999941e+01 2.600000000000000000e+01
2.757000000000000000e+03 1.257789999999999964e+01 3.700000000000000000e+01
1.619000000000000000e+03 1.244989999999999952e+01 3.100000000000000000e+01
1.556000000000000000e+03 1.302120000000000033e+01 1.900000000000000000e+01
2.592000000000000000e+03 1.270180000000000042e+01 3.500000000000000000e+01
9.640000000000000000e+02 1.289209999999999923e+01 1.900000000000000000e+01
3.122000000000000000e+03 1.278919999999999924e+01 3.500000000000000000e+01
3.925000000000000000e+03 1.240029999999999966e+01 4.000000000000000000e+01
2.730000000000000000e+03 1.278170000000000073e+01 3.100000000000000000e+01
2.498000000000000000e+03 1.243130000000000024e+01 4.000000000000000000e+01
3.735000000000000000e+03 1.257760000000000034e+01 4.700000000000000000e+01
3.526000000000000000e+03 1.253749999999999964e+01 4.400000000000000000e+01
2.223000000000000000e+03 1.252759999999999962e+01 2.600000000000000000e+01
1.598000000000000000e+03 1.302800000000000047e+01 2.300000000000000000e+01
4.943000000000000000e+03 1.254490000000000016e+01 5.500000000000000000e+01
1.571000000000000000e+03 1.278769999999999918e+01 2.600000000000000000e+01
1.594000000000000000e+03 1.313780000000000037e+01 1.800000000000000000e+01
3.417000000000000000e+03 1.252250000000000085e+01 4.200000000000000000e+01
4.032000000000000000e+03 1.251660000000000039e+01 4.200000000000000000e+01
3.597000000000000000e+03 1.288819999999999943e+01 3.400000000000000000e+01
2.396000000000000000e+03 1.311190000000000033e+01 3.300000000000000000e+01
3.572000000000000000e+03 1.297869999999999990e+01 4.300000000000000000e+01
3.316000000000000000e+03 1.258750000000000036e+01 4.000000000000000000e+01
3.080000000000000000e+03 1.314610000000000056e+01 3.300000000000000000e+01
5.069000000000000000e+03 1.246990000000000087e+01 4.800000000000000000e+01
4.722000000000000000e+03 1.242440000000000033e+01 4.500000000000000000e+01
2.903000000000000000e+03 1.319319999999999915e+01 3.400000000000000000e+01
4.255000000000000000e+03 1.242409999999999926e+01 4.300000000000000000e+01
1.889000000000000000e+03 1.235510000000000019e+01 3.200000000000000000e+01
3.999000000000000000e+03 1.234370000000000012e+01 4.500000000000000000e+01
1.444000000000000000e+03 1.317149999999999999e+01 2.300000000000000000e+01
2.448000000000000000e+03 1.288299999999999912e+01 3.200000000000000000e+01
3.367000000000000000e+03 1.268859999999999921e+01 3.600000000000000000e+01
3.572000000000000000e+03 1.240399999999999991e+01 4.900000000000000000e+01
1.949000000000000000e+03 1.285899999999999999e+01 2.600000000000000000e+01
2.019000000000000000e+03 1.253550000000000075e+01 3.400000000000000000e+01
5.942000000000000000e+03 1.237889999999999979e+01 5.200000000000000000e+01
1.923000000000000000e+03 1.255400000000000027e+01 3.200000000000000000e+01
1.893000000000000000e+03 1.322649999999999970e+01 2.700000000000000000e+01
3.386000000000000000e+03 1.227270000000000039e+01 4.100000000000000000e+01
3.102000000000000000e+03 1.294549999999999912e+01 3.200000000000000000e+01
5.311000000000000000e+03 1.241999999999999993e+01 4.500000000000000000e+01
5.255000000000000000e+03 1.253999999999999915e+01 4.400000000000000000e+01
1.821000000000000000e+03 1.272380000000000067e+01 3.200000000000000000e+01
1.787000000000000000e+03 1.260999999999999943e+01 2.700000000000000000e+01
3.198000000000000000e+03 1.272610000000000063e+01 3.700000000000000000e+01
1.311000000000000000e+03 1.292530000000000001e+01 1.300000000000000000e+01
3.796000000000000000e+03 1.282049999999999912e+01 3.600000000000000000e+01
3.121000000000000000e+03 1.261669999999999980e+01 4.300000000000000000e+01
1.433000000000000000e+03 1.278860000000000063e+01 2.300000000000000000e+01
1.974000000000000000e+03 1.306819999999999915e+01 1.900000000000000000e+01
6.390000000000000000e+03 1.233810000000000073e+01 5.700000000000000000e+01
3.399000000000000000e+03 1.294130000000000003e+01 4.000000000000000000e+01
1.091000000000000000e+03 1.319170000000000087e+01 1.800000000000000000e+01
2.350000000000000000e+03 1.323310000000000031e+01 3.100000000000000000e+01
4.623000000000000000e+03 1.242520000000000024e+01 5.600000000000000000e+01
2.944000000000000000e+03 1.261480000000000068e+01 3.300000000000000000e+01
4.086000000000000000e+03 1.277449999999999974e+01 4.900000000000000000e+01
5.348000000000000000e+03 1.240729999999999933e+01 6.500000000000000000e+01
1.278000000000000000e+03 1.304659999999999975e+01 1.800000000000000000e+01
2.739000000000000000e+03 1.236200000000000010e+01 3.200000000000000000e+01
2.077000000000000000e+03 1.322959999999999958e+01 2.500000000000000000e+01
6.780000000000000000e+02 1.306949999999999967e+01 1.000000000000000000e+01
4.120000000000000000e+03 1.262270000000000003e+01 5.000000000000000000e+01
1.768000000000000000e+03 1.294400000000000084e+01 2.600000000000000000e+01
2.690000000000000000e+03 1.273010000000000019e+01 3.200000000000000000e+01
2.244000000000000000e+03 1.323530000000000051e+01 3.000000000000000000e+01
5.982000000000000000e+03 1.276660000000000039e+01 4.500000000000000000e+01
4.812000000000000000e+03 1.285229999999999961e+01 5.500000000000000000e+01
1.967000000000000000e+03 1.314990000000000059e+01 2.900000000000000000e+01
3.482000000000000000e+03 1.248959999999999937e+01 3.800000000000000000e+01
3.266000000000000000e+03 1.307329999999999970e+01 3.600000000000000000e+01
1.804000000000000000e+03 1.260590000000000011e+01 2.200000000000000000e+01
4.075000000000000000e+03 1.262729999999999997e+01 4.500000000000000000e+01
2.285000000000000000e+03 1.306569999999999965e+01 2.800000000000000000e+01
2.839000000000000000e+03 1.306320000000000014e+01 4.400000000000000000e+01
2.574000000000000000e+03 1.272259999999999991e+01 3.600000000000000000e+01
3.170000000000000000e+03 1.284939999999999927e+01 4.300000000000000000e+01
2.079000000000000000e+03 1.276929999999999943e+01 3.000000000000000000e+01
1.501000000000000000e+03 1.299070000000000036e+01 2.300000000000000000e+01
5.134000000000000000e+03 1.232210000000000072e+01 6.300000000000000000e+01
3.599000000000000000e+03 1.242510000000000048e+01 4.700000000000000000e+01
4.554000000000000000e+03 1.304390000000000072e+01 3.800000000000000000e+01
1.716000000000000000e+03 1.288780000000000037e+01 2.700000000000000000e+01
4.439000000000000000e+03 1.297170000000000023e+01 3.800000000000000000e+01
3.767000000000000000e+03 1.317450000000000010e+01 3.300000000000000000e+01
5.391000000000000000e+03 1.242500000000000071e+01 4.800000000000000000e+01
3.151000000000000000e+03 1.316699999999999982e+01 3.900000000000000000e+01
3.561000000000000000e+03 1.230990000000000073e+01 4.500000000000000000e+01
4.198000000000000000e+03 1.234839999999999982e+01 4.800000000000000000e+01
3.054000000000000000e+03 1.310399999999999920e+01 4.200000000000000000e+01
8.130000000000000000e+02 1.314830000000000076e+01 1.600000000000000000e+01
6.428000000000000000e+03 1.228279999999999994e+01 6.100000000000000000e+01
3.131000000000000000e+03 1.234520000000000017e+01 4.000000000000000000e+01
1.019000000000000000e+03 1.285149999999999970e+01 1.400000000000000000e+01
1.065000000000000000e+03 1.317099999999999937e+01 2.200000000000000000e+01
1.529000000000000000e+03 1.290840000000000032e+01 1.900000000000000000e+01
6.072000000000000000e+03 1.271950000000000003e+01 4.000000000000000000e+01
1.499000000000000000e+03 1.305749999999999922e+01 2.000000000000000000e+01
3.594000000000000000e+03 1.294289999999999985e+01 3.000000000000000000e+01
3.968000000000000000e+03 1.287589999999999968e+01 4.000000000000000000e+01
9.420000000000000000e+02 1.310560000000000080e+01 1.400000000000000000e+01
2.687000000000000000e+03 1.317079999999999984e+01 2.900000000000000000e+01
6.219000000000000000e+03 1.239620000000000033e+01 6.200000000000000000e+01
1.947000000000000000e+03 1.238299999999999912e+01 2.400000000000000000e+01
3.818000000000000000e+03 1.227330000000000076e+01 4.400000000000000000e+01
1.375000000000000000e+03 1.311359999999999992e+01 2.200000000000000000e+01
6.550000000000000000e+02 1.290380000000000038e+01 1.200000000000000000e+01
4.135000000000000000e+03 1.249339999999999939e+01 3.900000000000000000e+01
5.020000000000000000e+03 1.253190000000000026e+01 5.200000000000000000e+01
3.856000000000000000e+03 1.290279999999999916e+01 4.700000000000000000e+01
3.005000000000000000e+03 1.254659999999999975e+01 3.900000000000000000e+01
4.203000000000000000e+03 1.306080000000000041e+01 4.900000000000000000e+01
3.082000000000000000e+03 1.228580000000000005e+01 3.500000000000000000e+01
2.469000000000000000e+03 1.298809999999999931e+01 2.600000000000000000e+01
5.867000000000000000e+03 1.240109999999999957e+01 4.700000000000000000e+01
5.062000000000000000e+03 1.230139999999999922e+01 5.300000000000000000e+01
2.956000000000000000e+03 1.268030000000000079e+01 3.500000000000000000e+01
3.980000000000000000e+03 1.264230000000000054e+01 4.400000000000000000e+01
1.212000000000000000e+03 1.277899999999999991e+01 2.200000000000000000e+01
4.236000000000000000e+03 1.238020000000000032e+01 4.900000000000000000e+01
3.548000000000000000e+03 1.271240000000000059e+01 4.100000000000000000e+01
2.828000000000000000e+03 1.269100000000000072e+01 3.700000000000000000e+01
1.102000000000000000e+03 1.303059999999999974e+01 1.900000000000000000e+01
1.974000000000000000e+03 1.315579999999999927e+01 2.100000000000000000e+01
5.689000000000000000e+03 1.258060000000000045e+01 6.600000000000000000e+01
2.465000000000000000e+03 1.279100000000000037e+01 2.800000000000000000e+01
3.117000000000000000e+03 1.277120000000000033e+01 4.700000000000000000e+01
2.212000000000000000e+03 1.317699999999999960e+01 2.900000000000000000e+01
2.923000000000000000e+03 1.266370000000000040e+01 3.300000000000000000e+01
2.643000000000000000e+03 1.269899999999999984e+01 2.900000000000000000e+01
5.992000000000000000e+03 1.277020000000000088e+01 7.200000000000000000e+01
3.132000000000000000e+03 1.262839999999999918e+01 3.200000000000000000e+01
4.066000000000000000e+03 1.287540000000000084e+01 5.100000000000000000e+01
3.365000000000000000e+03 1.287930000000000064e+01 4.000000000000000000e+01
4.347000000000000000e+03 1.260849999999999937e+01 4.300000000000000000e+01
2.614000000000000000e+03 1.321299999999999919e+01 2.600000000000000000e+01
2.874000000000000000e+03 1.322819999999999929e+01 4.100000000000000000e+01
4.764000000000000000e+03 1.234370000000000012e+01 5.100000000000000000e+01
4.437000000000000000e+03 1.227510000000000012e+01 4.400000000000000000e+01
1.528000000000000000e+03 1.281750000000000078e+01 2.600000000000000000e+01
2.132000000000000000e+03 1.311720000000000041e+01 2.800000000000000000e+01
7.610000000000000000e+02 1.312160000000000082e+01 1.200000000000000000e+01
3.082000000000000000e+03 1.251989999999999981e+01 3.400000000000000000e+01
4.142000000000000000e+03 1.282339999999999947e+01 4.700000000000000000e+01
3.762000000000000000e+03 1.251789999999999914e+01 4.300000000000000000e+01
5.080000000000000000e+03 1.237959999999999994e+01 4.800000000000000000e+01
3.016000000000000000e+03 1.309689999999999976e+01 3.800000000000000000e+01
2.904000000000000000e+03 1.285650000000000048e+01 3.600000000000000000e+01
2.377000000000000000e+03 1.233510000000000062e+01 3.100000000000000000e+01
1.179000000000000000e+03 1.312320000000000064e+01 1.300000000000000000e+01
3.212000000000000000e+03 1.321180000000000021e+01 3.600000000000000000e+01
2.077000000000000000e+03 1.310169999999999924e+01 2.900000000000000000e+01
3.627000000000000000e+03 1.243989999999999974e+01 4.200000000000000000e+01
4.382000000000000000e+03 1.242950000000000088e+01 4.500000000000000000e+01
4.476000000000000000e+03 1.231209999999999916e+01 5.300000000000000000e+01
1.173000000000000000e+03 1.316789999999999949e+01 1.800000000000000000e+01
2.346000000000000000e+03 1.259680000000000000e+01 3.000000000000000000e+01
4.068000000000000000e+03 1.253069999999999951e+01 3.800000000000000000e+01
4.482000000000000000e+03 1.281600000000000072e+01 4.700000000000000000e+01
1.658000000000000000e+03 1.293590000000000018e+01 2.300000000000000000e+01
2.597000000000000000e+03 1.252139999999999986e+01 3.100000000000000000e+01
3.970000000000000000e+03 1.256320000000000014e+01 3.700000000000000000e+01
1.481000000000000000e+03 1.274980000000000047e+01 2.100000000000000000e+01
4.874000000000000000e+03 1.230530000000000079e+01 5.600000000000000000e+01
3.078000000000000000e+03 1.278229999999999933e+01 3.500000000000000000e+01
1.086000000000000000e+03 1.308230000000000004e+01 1.200000000000000000e+01
2.863000000000000000e+03 1.298160000000000025e+01 2.600000000000000000e+01
2.579000000000000000e+03 1.302299999999999969e+01 3.200000000000000000e+01
3.603000000000000000e+03 1.238119999999999976e+01 4.200000000000000000e+01
3.424000000000000000e+03 1.251340000000000074e+01 4.300000000000000000e+01
2.336000000000000000e+03 1.264710000000000001e+01 2.700000000000000000e+01
5.387000000000000000e+03 1.255519999999999925e+01 5.300000000000000000e+01
3.813000000000000000e+03 1.243190000000000062e+01 4.200000000000000000e+01
2.930000000000000000e+03 1.265019999999999989e+01 3.700000000000000000e+01
3.136000000000000000e+03 1.323150000000000048e+01 4.800000000000000000e+01
4.330000000000000000e+03 1.254620000000000068e+01 4.500000000000000000e+01
3.913000000000000000e+03 1.280349999999999966e+01 3.600000000000000000e+01
2.980000000000000000e+03 1.316179999999999950e+01 3.600000000000000000e+01
3.014000000000000000e+03 1.308559999999999945e+01 3.700000000000000000e+01
3.269000000000000000e+03 1.271909999999999918e+01 3.100000000000000000e+01
3.699000000000000000e+03 1.293110000000000070e+01 4.400000000000000000e+01
3.928000000000000000e+03 1.306419999999999959e+01 3.900000000000000000e+01
5.041000000000000000e+03 1.239470000000000027e+01 4.900000000000000000e+01
3.086000000000000000e+03 1.264659999999999940e+01 3.900000000000000000e+01
1.256000000000000000e+03 1.315520000000000067e+01 2.200000000000000000e+01
2.863000000000000000e+03 1.298869999999999969e+01 3.700000000000000000e+01
9.780000000000000000e+02 1.265189999999999948e+01 1.800000000000000000e+01
1.685000000000000000e+03 1.320449999999999946e+01 2.600000000000000000e+01
3.783000000000000000e+03 1.294689999999999941e+01 4.100000000000000000e+01
1.231000000000000000e+03 1.291189999999999927e+01 1.800000000000000000e+01
4.596000000000000000e+03 1.234839999999999982e+01 5.300000000000000000e+01
3.643000000000000000e+03 1.235909999999999975e+01 6.100000000000000000e+01
4.956000000000000000e+03 1.252660000000000018e+01 5.300000000000000000e+01
2.080000000000000000e+03 1.301399999999999935e+01 2.500000000000000000e+01
2.374000000000000000e+03 1.243350000000000044e+01 3.000000000000000000e+01
4.106000000000000000e+03 1.244989999999999952e+01 5.100000000000000000e+01
1.240000000000000000e+03 1.281409999999999982e+01 1.900000000000000000e+01
5.897000000000000000e+03 1.250159999999999982e+01 5.600000000000000000e+01
3.478000000000000000e+03 1.271790000000000020e+01 4.600000000000000000e+01
4.728000000000000000e+03 1.248259999999999970e+01 4.200000000000000000e+01
1.937000000000000000e+03 1.317510000000000048e+01 3.200000000000000000e+01
2.080000000000000000e+03 1.237659999999999982e+01 2.600000000000000000e+01
3.012000000000000000e+03 1.265949999999999953e+01 3.400000000000000000e+01
4.564000000000000000e+03 1.233890000000000065e+01 4.700000000000000000e+01
1.597000000000000000e+03 1.233259999999999934e+01 1.600000000000000000e+01
1.075000000000000000e+03 1.230310000000000059e+01 2.000000000000000000e+01
5.273000000000000000e+03 1.243169999999999931e+01 4.900000000000000000e+01
3.625000000000000000e+03 1.271669999999999945e+01 3.600000000000000000e+01
3.559000000000000000e+03 1.278330000000000055e+01 3.600000000000000000e+01
2.496000000000000000e+03 1.295400000000000063e+01 2.200000000000000000e+01
8.720000000000000000e+02 1.322279999999999944e+01 1.800000000000000000e+01
2.885000000000000000e+03 1.293360000000000021e+01 2.900000000000000000e+01
3.131000000000000000e+03 1.266070000000000029e+01 4.000000000000000000e+01
2.051000000000000000e+03 1.281279999999999930e+01 2.700000000000000000e+01
1.109000000000000000e+03 1.280039999999999978e+01 1.800000000000000000e+01
3.700000000000000000e+03 1.249789999999999957e+01 4.300000000000000000e+01
2.869000000000000000e+03 1.309389999999999965e+01 3.500000000000000000e+01
2.621000000000000000e+03 1.298150000000000048e+01 2.900000000000000000e+01
3.457000000000000000e+03 1.317629999999999946e+01 3.700000000000000000e+01
4.235000000000000000e+03 1.268399999999999928e+01 4.500000000000000000e+01
1.869000000000000000e+03 1.311129999999999995e+01 1.600000000000000000e+01
6.978000000000000000e+03 1.226309999999999967e+01 5.900000000000000000e+01
1.370000000000000000e+03 1.301370000000000005e+01 2.000000000000000000e+01
2.302000000000000000e+03 1.320819999999999972e+01 2.600000000000000000e+01
3.918000000000000000e+03 1.282540000000000013e+01 4.700000000000000000e+01
4.251000000000000000e+03 1.256439999999999912e+01 5.100000000000000000e+01
1.907000000000000000e+03 1.277500000000000036e+01 2.800000000000000000e+01
2.594000000000000000e+03 1.264939999999999998e+01 2.800000000000000000e+01
1.813000000000000000e+03 1.314140000000000086e+01 2.300000000000000000e+01
1.313000000000000000e+03 1.311309999999999931e+01 2.100000000000000000e+01
5.486000000000000000e+03 1.228710000000000058e+01 5.000000000000000000e+01
2.623000000000000000e+03 1.226120000000000054e+01 3.100000000000000000e+01
2.084000000000000000e+03 1.305770000000000053e+01 2.200000000000000000e+01
2.071000000000000000e+03 1.241389999999999993e+01 3.100000000000000000e+01
2.599000000000000000e+03 1.280119999999999969e+01 3.100000000000000000e+01
4.414000000000000000e+03 1.267099999999999937e+01 4.500000000000000000e+01
2.960000000000000000e+03 1.247230000000000061e+01 3.500000000000000000e+01
1.547000000000000000e+03 1.313930000000000042e+01 2.200000000000000000e+01
2.586000000000000000e+03 1.289300000000000068e+01 3.300000000000000000e+01
3.348000000000000000e+03 1.314949999999999974e+01 2.900000000000000000e+01
3.731000000000000000e+03 1.276609999999999978e+01 4.000000000000000000e+01
3.828000000000000000e+03 1.237700000000000067e+01 4.600000000000000000e+01
1.920000000000000000e+03 1.284079999999999977e+01 2.200000000000000000e+01
2.421000000000000000e+03 1.298920000000000030e+01 2.900000000000000000e+01
2.284000000000000000e+03 1.323620000000000019e+01 2.600000000000000000e+01
1.956000000000000000e+03 1.306550000000000011e+01 2.400000000000000000e+01
5.189000000000000000e+03 1.238790000000000013e+01 5.400000000000000000e+01
1.521000000000000000e+03 1.320809999999999995e+01 2.000000000000000000e+01
1.885000000000000000e+03 1.253669999999999973e+01 2.300000000000000000e+01
8.970000000000000000e+02 1.310180000000000078e+01 1.500000000000000000e+01
4.681000000000000000e+03 1.233649999999999913e+01 5.200000000000000000e+01
1.296000000000000000e+03 1.304129999999999967e+01 1.500000000000000000e+01
4.753000000000000000e+03 1.259370000000000012e+01 4.300000000000000000e+01
4.231000000000000000e+03 1.257680000000000042e+01 4.200000000000000000e+01
2.067000000000000000e+03 1.255579999999999963e+01 2.800000000000000000e+01
3.584000000000000000e+03 1.234149999999999991e+01 5.900000000000000000e+01
1.084000000000000000e+03 1.263990000000000080e+01 2.000000000000000000e+01
3.711000000000000000e+03 1.273600000000000065e+01 4.400000000000000000e+01
1.070000000000000000e+03 1.288729999999999976e+01 1.100000000000000000e+01
2.000000000000000000e+03 1.307990000000000030e+01 2.700000000000000000e+01
8.730000000000000000e+02 1.323700000000000010e+01 1.800000000000000000e+01
2.810000000000000000e+03 1.288589999999999947e+01 3.200000000000000000e+01
3.452000000000000000e+03 1.252139999999999986e+01 4.000000000000000000e+01
4.422000000000000000e+03 1.243800000000000061e+01 5.700000000000000000e+01
2.372000000000000000e+03 1.237449999999999939e+01 2.900000000000000000e+01
3.030000000000000000e+03 1.257220000000000049e+01 5.200000000000000000e+01
4.833000000000000000e+03 1.226149999999999984e+01 5.700000000000000000e+01
8.880000000000000000e+02 1.298390000000000022e+01 1.500000000000000000e+01
4.802000000000000000e+03 1.289100000000000001e+01 5.000000000000000000e+01
3.185000000000000000e+03 1.226110000000000078e+01 3.800000000000000000e+01
3.150000000000000000e+03 1.265090000000000003e+01 3.200000000000000000e+01
2.025000000000000000e+03 1.254889999999999972e+01 3.500000000000000000e+01
2.359000000000000000e+03 1.276600000000000001e+01 3.700000000000000000e+01
3.619000000000000000e+03 1.318679999999999986e+01 2.800000000000000000e+01
2.546000000000000000e+03 1.284989999999999988e+01 3.100000000000000000e+01
4.343000000000000000e+03 1.244410000000000061e+01 5.200000000000000000e+01
1.918000000000000000e+03 1.304160000000000075e+01 2.400000000000000000e+01
1.173000000000000000e+03 1.304240000000000066e+01 1.200000000000000000e+01
4.591000000000000000e+03 1.261469999999999914e+01 5.300000000000000000e+01
2.546000000000000000e+03 1.293730000000000047e+01 2.900000000000000000e+01
2.760000000000000000e+03 1.267309999999999981e+01 3.600000000000000000e+01
3.101000000000000000e+03 1.227829999999999977e+01 3.900000000000000000e+01
3.039000000000000000e+03 1.270279999999999987e+01 3.500000000000000000e+01
3.891000000000000000e+03 1.227929999999999922e+01 3.500000000000000000e+01
1.941000000000000000e+03 1.322320000000000029e+01 2.400000000000000000e+01
1.721000000000000000e+03 1.255150000000000077e+01 2.700000000000000000e+01
4.400000000000000000e+03 1.275900000000000034e+01 4.500000000000000000e+01
3.455000000000000000e+03 1.267839999999999989e+01 4.300000000000000000e+01
2.986000000000000000e+03 1.285089999999999932e+01 3.900000000000000000e+01
3.217000000000000000e+03 1.306349999999999945e+01 4.400000000000000000e+01
1.766000000000000000e+03 1.311110000000000042e+01 2.600000000000000000e+01
1.977000000000000000e+03 1.317619999999999969e+01 3.000000000000000000e+01
2.632000000000000000e+03 1.317910000000000004e+01 2.200000000000000000e+01
3.589000000000000000e+03 1.229390000000000072e+01 4.300000000000000000e+01
2.256000000000000000e+03 1.304199999999999982e+01 2.700000000000000000e+01
3.094000000000000000e+03 1.254470000000000063e+01 4.700000000000000000e+01
1.636000000000000000e+03 1.278850000000000087e+01 2.300000000000000000e+01
2.145000000000000000e+03 1.307639999999999958e+01 3.100000000000000000e+01
2.927000000000000000e+03 1.232169999999999987e+01 3.800000000000000000e+01
2.792000000000000000e+03 1.273269999999999946e+01 4.400000000000000000e+01
3.364000000000000000e+03 1.243019999999999925e+01 4.600000000000000000e+01
2.496000000000000000e+03 1.297920000000000051e+01 3.200000000000000000e+01
3.239000000000000000e+03 1.288620000000000054e+01 3.700000000000000000e+01
2.159000000000000000e+03 1.252169999999999916e+01 3.200000000000000000e+01
1.210000000000000000e+03 1.301319999999999943e+01 2.000000000000000000e+01
1.932000000000000000e+03 1.319410000000000061e+01 2.400000000000000000e+01
2.390000000000000000e+03 1.262279999999999980e+01 2.800000000000000000e+01
1.333000000000000000e+03 1.318660000000000032e+01 1.700000000000000000e+01
1.978000000000000000e+03 1.299900000000000055e+01 2.400000000000000000e+01
3.078000000000000000e+03 1.256930000000000014e+01 3.600000000000000000e+01
1.504000000000000000e+03 1.293329999999999913e+01 2.500000000000000000e+01
1.940000000000000000e+03 1.320449999999999946e+01 2.200000000000000000e+01
1.335000000000000000e+03 1.318249999999999922e+01 1.900000000000000000e+01
2.454000000000000000e+03 1.316920000000000002e+01 3.800000000000000000e+01
3.465000000000000000e+03 1.283380000000000010e+01 3.700000000000000000e+01
3.568000000000000000e+03 1.282910000000000039e+01 3.000000000000000000e+01
5.962000000000000000e+03 1.298499999999999943e+01 4.900000000000000000e+01
3.326000000000000000e+03 1.298990000000000045e+01 3.600000000000000000e+01
4.448000000000000000e+03 1.314289999999999914e+01 4.900000000000000000e+01
4.783000000000000000e+03 1.258130000000000059e+01 4.500000000000000000e+01
4.427000000000000000e+03 1.300820000000000043e+01 3.900000000000000000e+01
3.110000000000000000e+03 1.279800000000000004e+01 4.200000000000000000e+01
1.666000000000000000e+03 1.258140000000000036e+01 2.500000000000000000e+01
1.413000000000000000e+03 1.301379999999999981e+01 1.800000000000000000e+01
3.491000000000000000e+03 1.235730000000000040e+01 4.000000000000000000e+01
4.007000000000000000e+03 1.252839999999999954e+01 4.300000000000000000e+01
4.242000000000000000e+03 1.240380000000000038e+01 4.500000000000000000e+01
5.903000000000000000e+03 1.247930000000000028e+01 5.200000000000000000e+01
1.743000000000000000e+03 1.309360000000000035e+01 2.300000000000000000e+01
2.862000000000000000e+03 1.322170000000000023e+01 3.300000000000000000e+01
1.273000000000000000e+03 1.323349999999999937e+01 1.800000000000000000e+01
9.007000000000000000e+03 1.251629999999999932e+01 5.700000000000000000e+01
6.126000000000000000e+03 1.301750000000000007e+01 5.300000000000000000e+01
3.294000000000000000e+03 1.283239999999999981e+01 4.100000000000000000e+01
5.042000000000000000e+03 1.228589999999999982e+01 5.100000000000000000e+01
2.939000000000000000e+03 1.252009999999999934e+01 3.400000000000000000e+01
1.468000000000000000e+03 1.298150000000000048e+01 2.300000000000000000e+01
2.696000000000000000e+03 1.257329999999999970e+01 3.000000000000000000e+01
3.482000000000000000e+03 1.235079999999999956e+01 3.700000000000000000e+01
3.346000000000000000e+03 1.273610000000000042e+01 3.200000000000000000e+01
6.018000000000000000e+03 1.240349999999999930e+01 5.900000000000000000e+01
2.543000000000000000e+03 1.266960000000000086e+01 3.600000000000000000e+01
2.001000000000000000e+03 1.259510000000000041e+01 2.800000000000000000e+01
4.301000000000000000e+03 1.230979999999999919e+01 4.400000000000000000e+01
6.947000000000000000e+03 1.288429999999999964e+01 5.900000000000000000e+01
1.910000000000000000e+03 1.260319999999999929e+01 2.400000000000000000e+01
1.401000000000000000e+03 1.260050000000000026e+01 2.800000000000000000e+01
6.077000000000000000e+03 1.244219999999999970e+01 6.300000000000000000e+01
2.880000000000000000e+03 1.273799999999999955e+01 3.600000000000000000e+01
3.671000000000000000e+03 1.296860000000000035e+01 3.800000000000000000e+01
5.001000000000000000e+03 1.251420000000000066e+01 5.000000000000000000e+01
2.131000000000000000e+03 1.288690000000000069e+01 2.400000000000000000e+01
3.445000000000000000e+03 1.302299999999999969e+01 3.000000000000000000e+01
3.143000000000000000e+03 1.283469999999999978e+01 3.700000000000000000e+01
3.875000000000000000e+03 1.281569999999999965e+01 4.200000000000000000e+01
3.586000000000000000e+03 1.229589999999999961e+01 4.600000000000000000e+01
4.260000000000000000e+03 1.267340000000000089e+01 4.300000000000000000e+01
3.382000000000000000e+03 1.252459999999999951e+01 3.700000000000000000e+01
4.282000000000000000e+03 1.244660000000000011e+01 4.700000000000000000e+01
2.746000000000000000e+03 1.275329999999999941e+01 3.400000000000000000e+01
1.396000000000000000e+03 1.288930000000000042e+01 1.600000000000000000e+01
4.823000000000000000e+03 1.291719999999999935e+01 4.800000000000000000e+01
2.196000000000000000e+03 1.312069999999999936e+01 3.000000000000000000e+01
1.607000000000000000e+03 1.323910000000000053e+01 2.500000000000000000e+01
5.592000000000000000e+03 1.261960000000000015e+01 5.100000000000000000e+01
1.164000000000000000e+03 1.320720000000000027e+01 1.800000000000000000e+01
4.601000000000000000e+03 1.228340000000000032e+01 4.100000000000000000e+01
1.353000000000000000e+03 1.257900000000000063e+01 2.400000000000000000e+01
1.594000000000000000e+03 1.295490000000000030e+01 2.500000000000000000e+01
3.611000000000000000e+03 1.297020000000000017e+01 4.900000000000000000e+01
4.235000000000000000e+03 1.229480000000000040e+01 6.900000000000000000e+01
5.428000000000000000e+03 1.244120000000000026e+01 6.200000000000000000e+01
3.346000000000000000e+03 1.259869999999999912e+01 4.500000000000000000e+01
2.701000000000000000e+03 1.252860000000000085e+01 3.200000000000000000e+01
2.611000000000000000e+03 1.269110000000000049e+01 2.600000000000000000e+01
1.998000000000000000e+03 1.250120000000000076e+01 3.100000000000000000e+01
1.958000000000000000e+03 1.275070000000000014e+01 3.000000000000000000e+01
2.912000000000000000e+03 1.298670000000000080e+01 3.500000000000000000e+01
3.848000000000000000e+03 1.235560000000000080e+01 4.900000000000000000e+01
2.932000000000000000e+03 1.288359999999999950e+01 3.900000000000000000e+01
2.519000000000000000e+03 1.309559999999999924e+01 3.400000000000000000e+01
5.206000000000000000e+03 1.269609999999999950e+01 6.000000000000000000e+01
2.916000000000000000e+03 1.291350000000000087e+01 3.800000000000000000e+01
1.319000000000000000e+03 1.299820000000000064e+01 2.300000000000000000e+01
1.777000000000000000e+03 1.315140000000000065e+01 2.400000000000000000e+01
4.667000000000000000e+03 1.227660000000000018e+01 4.700000000000000000e+01
2.062000000000000000e+03 1.244089999999999918e+01 3.700000000000000000e+01
4.754000000000000000e+03 1.247269999999999968e+01 4.700000000000000000e+01
1.798000000000000000e+03 1.310609999999999964e+01 2.700000000000000000e+01
2.099000000000000000e+03 1.309660000000000046e+01 2.500000000000000000e+01
3.474000000000000000e+03 1.308629999999999960e+01 3.600000000000000000e+01
4.913000000000000000e+03 1.264550000000000018e+01 5.000000000000000000e+01
3.071000000000000000e+03 1.257789999999999964e+01 3.900000000000000000e+01
1.753000000000000000e+03 1.301219999999999999e+01 2.200000000000000000e+01
5.022000000000000000e+03 1.239029999999999987e+01 4.900000000000000000e+01
2.304000000000000000e+03 1.252580000000000027e+01 3.500000000000000000e+01
2.122000000000000000e+03 1.316789999999999949e+01 3.500000000000000000e+01
2.528000000000000000e+03 1.317839999999999989e+01 3.000000000000000000e+01
2.711000000000000000e+03 1.273509999999999920e+01 3.500000000000000000e+01
2.385000000000000000e+03 1.263959999999999972e+01 4.300000000000000000e+01
1.788000000000000000e+03 1.307890000000000086e+01 2.200000000000000000e+01
2.960000000000000000e+03 1.226169999999999938e+01 4.100000000000000000e+01
2.735000000000000000e+03 1.269250000000000078e+01 4.100000000000000000e+01
4.033000000000000000e+03 1.232109999999999950e+01 4.700000000000000000e+01
2.978000000000000000e+03 1.288219999999999921e+01 2.900000000000000000e+01
3.029000000000000000e+03 1.276030000000000086e+01 3.500000000000000000e+01
5.065000000000000000e+03 1.319350000000000023e+01 4.800000000000000000e+01
1.207000000000000000e+03 1.323099999999999987e+01 2.200000000000000000e+01
3.252000000000000000e+03 1.310950000000000060e+01 3.200000000000000000e+01
1.449000000000000000e+03 1.313000000000000078e+01 2.400000000000000000e+01
3.916000000000000000e+03 1.256039999999999957e+01 5.100000000000000000e+01
1.419000000000000000e+03 1.292549999999999955e+01 2.100000000000000000e+01
4.271000000000000000e+03 1.276200000000000045e+01 5.100000000000000000e+01
2.472000000000000000e+03 1.301130000000000031e+01 3.400000000000000000e+01
2.802000000000000000e+03 1.268479999999999919e+01 3.200000000000000000e+01
1.069000000000000000e+03 1.286350000000000016e+01 1.500000000000000000e+01
3.936000000000000000e+03 1.267750000000000021e+01 4.800000000000000000e+01
3.484000000000000000e+03 1.249349999999999916e+01 3.700000000000000000e+01
3.008000000000000000e+03 1.277640000000000065e+01 4.000000000000000000e+01
3.608000000000000000e+03 1.243539999999999957e+01 4.200000000000000000e+01
2.341000000000000000e+03 1.227050000000000018e+01 3.800000000000000000e+01
1.694000000000000000e+03 1.304320000000000057e+01 2.000000000000000000e+01
4.929000000000000000e+03 1.230010000000000048e+01 6.300000000000000000e+01
4.348000000000000000e+03 1.232010000000000005e+01 3.600000000000000000e+01
3.409000000000000000e+03 1.289489999999999981e+01 3.700000000000000000e+01
5.525000000000000000e+03 1.230760000000000076e+01 4.800000000000000000e+01
3.918000000000000000e+03 1.285309999999999953e+01 4.300000000000000000e+01
2.706000000000000000e+03 1.236430000000000007e+01 3.300000000000000000e+01
2.951000000000000000e+03 1.270250000000000057e+01 3.900000000000000000e+01
2.447000000000000000e+03 1.289250000000000007e+01 2.800000000000000000e+01
9.200000000000000000e+02 1.321429999999999971e+01 1.800000000000000000e+01
4.756000000000000000e+03 1.256579999999999941e+01 4.500000000000000000e+01
3.238000000000000000e+03 1.303180000000000049e+01 3.600000000000000000e+01
6.422000000000000000e+03 1.250220000000000020e+01 6.200000000000000000e+01
3.811000000000000000e+03 1.289939999999999998e+01 3.900000000000000000e+01
5.973000000000000000e+03 1.247770000000000046e+01 5.800000000000000000e+01
5.935000000000000000e+03 1.271679999999999922e+01 4.700000000000000000e+01
3.212000000000000000e+03 1.316840000000000011e+01 4.400000000000000000e+01
7.110000000000000000e+02 1.310169999999999924e+01 1.200000000000000000e+01
2.581000000000000000e+03 1.276590000000000025e+01 2.900000000000000000e+01
3.646000000000000000e+03 1.267050000000000054e+01 4.000000000000000000e+01
2.820000000000000000e+03 1.293159999999999954e+01 2.900000000000000000e+01
1.766000000000000000e+03 1.297809999999999953e+01 2.200000000000000000e+01
4.760000000000000000e+03 1.258089999999999975e+01 4.800000000000000000e+01
3.182000000000000000e+03 1.279400000000000048e+01 4.100000000000000000e+01
3.133000000000000000e+03 1.233859999999999957e+01 3.600000000000000000e+01
2.168000000000000000e+03 1.296390000000000065e+01 3.100000000000000000e+01
3.489000000000000000e+03 1.303190000000000026e+01 4.200000000000000000e+01
1.531000000000000000e+03 1.318839999999999968e+01 2.400000000000000000e+01
2.162000000000000000e+03 1.233430000000000071e+01 3.700000000000000000e+01
3.476000000000000000e+03 1.309989999999999988e+01 4.500000000000000000e+01
1.568000000000000000e+03 1.308670000000000044e+01 2.700000000000000000e+01
5.009000000000000000e+03 1.267159999999999975e+01 4.900000000000000000e+01
2.230000000000000000e+03 1.299339999999999939e+01 2.800000000000000000e+01
1.393000000000000000e+03 1.322209999999999930e+01 2.500000000000000000e+01
2.605000000000000000e+03 1.246110000000000007e+01 3.700000000000000000e+01
1.151000000000000000e+03 1.301379999999999981e+01 1.900000000000000000e+01
8.730000000000000000e+02 1.295480000000000054e+01 1.500000000000000000e+01
5.801000000000000000e+03 1.242600000000000016e+01 5.200000000000000000e+01
2.258000000000000000e+03 1.236359999999999992e+01 2.400000000000000000e+01
4.659000000000000000e+03 1.232169999999999987e+01 5.600000000000000000e+01
5.677000000000000000e+03 1.247129999999999939e+01 7.800000000000000000e+01
4.891000000000000000e+03 1.247760000000000069e+01 5.400000000000000000e+01
3.215000000000000000e+03 1.247920000000000051e+01 3.600000000000000000e+01
2.607000000000000000e+03 1.269209999999999994e+01 3.900000000000000000e+01
1.597000000000000000e+03 1.322029999999999994e+01 2.300000000000000000e+01
1.652000000000000000e+03 1.281150000000000055e+01 2.800000000000000000e+01
2.324000000000000000e+03 1.304749999999999943e+01 2.700000000000000000e+01
1.189000000000000000e+03 1.294960000000000022e+01 1.700000000000000000e+01
2.198000000000000000e+03 1.238959999999999972e+01 3.300000000000000000e+01
3.648000000000000000e+03 1.302999999999999936e+01 4.000000000000000000e+01
3.548000000000000000e+03 1.314869999999999983e+01 3.400000000000000000e+01
4.087000000000000000e+03 1.270120000000000005e+01 4.500000000000000000e+01
6.262000000000000000e+03 1.232150000000000034e+01 5.900000000000000000e+01
2.890000000000000000e+03 1.299949999999999939e+01 2.700000000000000000e+01
3.737000000000000000e+03 1.226720000000000077e+01 4.600000000000000000e+01
2.335000000000000000e+03 1.275350000000000072e+01 3.500000000000000000e+01
1.938000000000000000e+03 1.285260000000000069e+01 2.300000000000000000e+01
4.732000000000000000e+03 1.233070000000000022e+01 5.600000000000000000e+01
3.271000000000000000e+03 1.240290000000000070e+01 3.900000000000000000e+01
1.612000000000000000e+03 1.282249999999999979e+01 2.600000000000000000e+01
1.346000000000000000e+03 1.238080000000000069e+01 2.300000000000000000e+01
4.567000000000000000e+03 1.300140000000000029e+01 4.500000000000000000e+01
6.901000000000000000e+03 1.260999999999999943e+01 5.700000000000000000e+01
1.151000000000000000e+03 1.255819999999999936e+01 1.200000000000000000e+01
3.274000000000000000e+03 1.285229999999999961e+01 3.900000000000000000e+01
2.808000000000000000e+03 1.271289999999999942e+01 3.400000000000000000e+01
1.403000000000000000e+03 1.269669999999999987e+01 1.800000000000000000e+01
5.931000000000000000e+03 1.296110000000000007e+01 6.100000000000000000e+01
1.964000000000000000e+03 1.245059999999999967e+01 2.900000000000000000e+01
2.420000000000000000e+03 1.291009999999999991e+01 3.400000000000000000e+01
2.816000000000000000e+03 1.247659999999999947e+01 3.200000000000000000e+01
5.731000000000000000e+03 1.231419999999999959e+01 6.600000000000000000e+01
1.928000000000000000e+03 1.277660000000000018e+01 2.600000000000000000e+01
2.746000000000000000e+03 1.297719999999999985e+01 3.100000000000000000e+01
3.901000000000000000e+03 1.307920000000000016e+01 4.400000000000000000e+01
4.697000000000000000e+03 1.283820000000000050e+01 4.900000000000000000e+01
2.081000000000000000e+03 1.226929999999999943e+01 2.800000000000000000e+01
3.169000000000000000e+03 1.234900000000000020e+01 3.100000000000000000e+01
6.103000000000000000e+03 1.276159999999999961e+01 5.800000000000000000e+01
4.315000000000000000e+03 1.256380000000000052e+01 4.700000000000000000e+01
5.558000000000000000e+03 1.263649999999999984e+01 6.600000000000000000e+01
1.305000000000000000e+03 1.261149999999999949e+01 2.500000000000000000e+01
2.689000000000000000e+03 1.243120000000000047e+01 3.000000000000000000e+01
1.819000000000000000e+03 1.322129999999999939e+01 2.400000000000000000e+01
3.980000000000000000e+03 1.278560000000000052e+01 4.400000000000000000e+01
4.728000000000000000e+03 1.286860000000000070e+01 4.500000000000000000e+01
6.213000000000000000e+03 1.238429999999999964e+01 6.000000000000000000e+01
1.219000000000000000e+03 1.307569999999999943e+01 1.600000000000000000e+01
2.995000000000000000e+03 1.311899999999999977e+01 3.800000000000000000e+01
4.559000000000000000e+03 1.247080000000000055e+01 4.500000000000000000e+01
1.591000000000000000e+03 1.314240000000000030e+01 3.200000000000000000e+01
3.694000000000000000e+03 1.244529999999999959e+01 4.300000000000000000e+01
1.759000000000000000e+03 1.309159999999999968e+01 2.600000000000000000e+01
4.126000000000000000e+03 1.234239999999999959e+01 4.800000000000000000e+01
1.154000000000000000e+03 1.319280000000000008e+01 1.300000000000000000e+01
2.941000000000000000e+03 1.298029999999999973e+01 3.400000000000000000e+01
1.699000000000000000e+03 1.294589999999999996e+01 2.600000000000000000e+01
2.370000000000000000e+03 1.322979999999999912e+01 2.400000000000000000e+01
2.701000000000000000e+03 1.287449999999999939e+01 2.700000000000000000e+01
1.915000000000000000e+03 1.284900000000000020e+01 3.300000000000000000e+01
3.882000000000000000e+03 1.247059999999999924e+01 4.400000000000000000e+01
4.102000000000000000e+03 1.258339999999999925e+01 4.200000000000000000e+01
1.899000000000000000e+03 1.265419999999999945e+01 2.900000000000000000e+01
1.673000000000000000e+03 1.321209999999999951e+01 2.400000000000000000e+01
8.810000000000000000e+02 1.298140000000000072e+01 1.200000000000000000e+01
2.893000000000000000e+03 1.291590000000000060e+01 3.800000000000000000e+01
3.468000000000000000e+03 1.296400000000000041e+01 3.200000000000000000e+01
3.790000000000000000e+03 1.317980000000000018e+01 3.700000000000000000e+01
4.861000000000000000e+03 1.307540000000000013e+01 3.800000000000000000e+01
4.081000000000000000e+03 1.238959999999999972e+01 4.900000000000000000e+01
1.956000000000000000e+03 1.295209999999999972e+01 2.800000000000000000e+01
2.202000000000000000e+03 1.259789999999999921e+01 3.400000000000000000e+01
2.022000000000000000e+03 1.314179999999999993e+01 2.900000000000000000e+01
4.993000000000000000e+03 1.239700000000000024e+01 4.700000000000000000e+01
1.785000000000000000e+03 1.290429999999999922e+01 2.400000000000000000e+01
8.820000000000000000e+02 1.310260000000000069e+01 1.600000000000000000e+01
4.183000000000000000e+03 1.301249999999999929e+01 3.700000000000000000e+01
4.232000000000000000e+03 1.234789999999999921e+01 4.500000000000000000e+01
2.787000000000000000e+03 1.296889999999999965e+01 3.500000000000000000e+01
1.988000000000000000e+03 1.312850000000000072e+01 2.300000000000000000e+01
1.783000000000000000e+03 1.323590000000000089e+01 2.600000000000000000e+01
4.377000000000000000e+03 1.243839999999999968e+01 4.900000000000000000e+01
6.065000000000000000e+03 1.270560000000000045e+01 5.000000000000000000e+01
4.780000000000000000e+02 1.239710000000000001e+01 8.000000000000000000e+00
3.765000000000000000e+03 1.310679999999999978e+01 4.800000000000000000e+01
3.615000000000000000e+03 1.259909999999999997e+01 4.200000000000000000e+01
1.329000000000000000e+03 1.284670000000000023e+01 2.900000000000000000e+01
2.645000000000000000e+03 1.274970000000000070e+01 3.500000000000000000e+01
2.082000000000000000e+03 1.282269999999999932e+01 3.100000000000000000e+01
3.907000000000000000e+03 1.229819999999999958e+01 4.600000000000000000e+01
3.031000000000000000e+03 1.276549999999999940e+01 3.900000000000000000e+01
2.882000000000000000e+03 1.289879999999999960e+01 3.200000000000000000e+01
3.629000000000000000e+03 1.268769999999999953e+01 3.900000000000000000e+01
1.406000000000000000e+03 1.296269999999999989e+01 2.000000000000000000e+01
2.644000000000000000e+03 1.295749999999999957e+01 3.300000000000000000e+01
1.807000000000000000e+03 1.302319999999999922e+01 2.500000000000000000e+01
4.545000000000000000e+03 1.298189999999999955e+01 3.500000000000000000e+01
3.499000000000000000e+03 1.233810000000000073e+01 3.900000000000000000e+01
1.216000000000000000e+03 1.315019999999999989e+01 1.800000000000000000e+01
1.952000000000000000e+03 1.317459999999999987e+01 2.700000000000000000e+01
2.838000000000000000e+03 1.243549999999999933e+01 4.400000000000000000e+01
2.423000000000000000e+03 1.255640000000000001e+01 3.300000000000000000e+01
2.176000000000000000e+03 1.305039999999999978e+01 2.300000000000000000e+01
2.676000000000000000e+03 1.286950000000000038e+01 3.600000000000000000e+01
3.192000000000000000e+03 1.281170000000000009e+01 3.600000000000000000e+01
2.619000000000000000e+03 1.267300000000000004e+01 3.300000000000000000e+01
1.260000000000000000e+03 1.300580000000000069e+01 2.200000000000000000e+01
3.576000000000000000e+03 1.311190000000000033e+01 3.900000000000000000e+01
3.972000000000000000e+03 1.309169999999999945e+01 4.100000000000000000e+01
3.216000000000000000e+03 1.230729999999999968e+01 4.100000000000000000e+01
3.390000000000000000e+03 1.302790000000000070e+01 2.900000000000000000e+01
5.132000000000000000e+03 1.235050000000000026e+01 5.300000000000000000e+01
4.344000000000000000e+03 1.300779999999999959e+01 4.500000000000000000e+01
1.352000000000000000e+03 1.266619999999999990e+01 1.800000000000000000e+01
3.628000000000000000e+03 1.269969999999999999e+01 3.900000000000000000e+01
2.831000000000000000e+03 1.283200000000000074e+01 4.100000000000000000e+01
1.963000000000000000e+03 1.293149999999999977e+01 1.900000000000000000e+01
1.721000000000000000e+03 1.318190000000000062e+01 2.200000000000000000e+01
3.862000000000000000e+03 1.314980000000000082e+01 3.200000000000000000e+01
1.708000000000000000e+03 1.291210000000000058e+01 2.700000000000000000e+01
2.544000000000000000e+03 1.319139999999999979e+01 2.800000000000000000e+01
3.489000000000000000e+03 1.281579999999999941e+01 3.800000000000000000e+01
4.392000000000000000e+03 1.315600000000000058e+01 4.700000000000000000e+01
4.300000000000000000e+02 1.286550000000000082e+01 1.100000000000000000e+01
4.259000000000000000e+03 1.277439999999999998e+01 3.700000000000000000e+01
4.060000000000000000e+03 1.254710000000000036e+01 4.600000000000000000e+01
1.113000000000000000e+03 1.306259999999999977e+01 2.000000000000000000e+01
4.082000000000000000e+03 1.280100000000000016e+01 4.100000000000000000e+01
4.596000000000000000e+03 1.259009999999999962e+01 5.700000000000000000e+01
3.873000000000000000e+03 1.297959999999999958e+01 4.800000000000000000e+01
1.458000000000000000e+03 1.308500000000000085e+01 1.700000000000000000e+01
3.044000000000000000e+03 1.232659999999999911e+01 3.900000000000000000e+01
3.325000000000000000e+03 1.305209999999999937e+01 4.200000000000000000e+01
3.888000000000000000e+03 1.314039999999999964e+01 4.200000000000000000e+01
3.801000000000000000e+03 1.257029999999999959e+01 4.000000000000000000e+01
5.058000000000000000e+03 1.279349999999999987e+01 4.700000000000000000e+01
5.069000000000000000e+03 1.242559999999999931e+01 5.200000000000000000e+01
4.000000000000000000e+03 1.303889999999999993e+01 4.000000000000000000e+01
4.090000000000000000e+03 1.279080000000000084e+01 4.800000000000000000e+01
1.086000000000000000e+03 1.290549999999999997e+01 1.700000000000000000e+01
1.807000000000000000e+03 1.309820000000000029e+01 2.500000000000000000e+01
2.279000000000000000e+03 1.320759999999999934e+01 2.700000000000000000e+01
