9007
7287
7059
6978
6947
6901
6898
6475
6428
6422
6390
6378
6352
6262
6262
6255
6219
6213
6191
6162
6132
6126
6103
6077
6072
6065
6041
6018
5992
5982
5973
5962
5942
5935
5931
5931
5903
5897
5867
5843
5801
5788
5776
5760
5731
5722
5689
5677
5596
5592
5582
5562
5558
5525
5486
5428
5421
5391
5391
5387
5355
5348
5340
5324
5311
5273
5255
5228
5206
5189
5140
5134
5132
5127
5101
5088
5085
5080
5071
5069
5069
5065
5062
5059
5058
5044
5042
5041
5022
5020
5009
5007
5006
5001
4999
4993
4974
4956
4948
4946
4943
4929
4913
4891
4886
4874
4861
4833
4823
4812
4802
4797
4783
4764
4760
4756
4754
4754
4754
4753
4734
4732
4728
4728
4722
4709
4708
4697
4682
4681
4677
4667
4659
4649
4630
4629
4623
4611
4611
4608
4601
4596
4596
4591
4581
4579
4577
4567
4565
4564
4559
4558
4554
4550
4545
4500
4482
4476
4455
4448
4439
4438
4437
4427
4422
4414
4400
4397
4392
4382
4377
4362
4348
4347
4345
4344
4343
4330
4322
4320
4317
4315
4301
4290
4282
4281
4275
4271
4269
4261
4260
4259
4255
4251
4242
4236
4235
4235
4235
4232
4231
4226
4203
4198
4193
4191
4183
4175
4157
4150
4142
4140
4135
4126
4124
4120
4115
4106
4102
4091
4090
4087
4086
4082
4081
4075
4074
4068
4066
4065
4064
4060
4038
4033
4032
4016
4011
4007
4005
4000
4000
3999
3993
3980
3980
3975
3975
3975
3972
3970
3968
3965
3957
3936
3931
3928
3925
3925
3924
3924
3918
3918
3916
3913
3907
3901
3891
3891
3888
3882
3875
3873
3867
3867
3863
3862
3856
3855
3848
3845
3833
3829
3828
3819
3819
3818
3813
3811
3808
3801
3796
3796
3794
3790
3783
3781
3777
3772
3767
3767
3765
3762
3757
3756
3737
3735
3731
3729
3722
3711
3704
3700
3699
3697
3694
3685
3671
3669
3655
3648
3646
3644
3643
3629
3629
3628
3627
3627
3625
3623
3619
3615
3614
3611
3610
3608
3608
3603
3602
3599
3597
3594
3590
3589
3586
3584
3576
3575
3572
3572
3568
3563
3561
3559
3548
3548
3541
3538
3538
3528
3526
3522
3521
3505
3500
3499
3496
3492
3491
3489
3489
3484
3482
3482
3478
3476
3474
3468
3465
3457
3455
3452
3445
3444
3440
3438
3434
3434
3433
3427
3426
3424
3419
3417
3409
3399
3393
3390
3388
3386
3382
3380
3370
3367
3365
3364
3359
3348
3346
3346
3346
3344
3326
3325
3322
3316
3315
3304
3298
3298
3294
3293
3293
3286
3284
3274
3271
3269
3267
3266
3252
3248
3239
3238
3234
3217
3216
3215
3212
3212
3212
3205
3204
3198
3193
3192
3185
3182
3177
3174
3171
3170
3170
3169
3157
3151
3150
3149
3143
3141
3136
3133
3132
3131
3131
3125
3122
3121
3117
3117
3110
3102
3101
3097
3097
3094
3091
3090
3089
3086
3085
3082
3082
3080
3078
3078
3078
3071
3066
3061
3060
3054
3051
3044
3039
3033
3031
3030
3029
3026
3016
3014
3012
3008
3005
2995
2986
2981
2980
2978
2970
2970
2970
2964
2962
2960
2960
2959
2956
2951
2944
2943
2941
2939
2936
2932
2932
2930
2930
2927
2923
2921
2916
2916
2912
2911
2904
2903
2895
2893
2890
2886
2885
2882
2880
2880
2877
2874
2869
2867
2863
2863
2862
2861
2860
2839
2838
2836
2831
2830
2828
2820
2816
2816
2813
2810
2808
2805
2802
2792
2792
2787
2771
2768
2765
2760
2757
2757
2747
2746
2746
2741
2739
2735
2730
2730
2711
2706
2706
2706
2705
2701
2701
2696
2690
2689
2689
2687
2681
2678
2676
2647
2646
2645
2644
2643
2642
2633
2632
2623
2621
2619
2615
2614
2611
2607
2605
2599
2597
2594
2593
2592
2586
2586
2583
2582
2581
2579
2579
2574
2546
2546
2544
2543
2540
2530
2529
2528
2527
2523
2519
2519
2512
2503
2498
2496
2496
2494
2475
2473
2472
2472
2469
2469
2465
2460
2454
2450
2448
2447
2445
2443
2423
2421
2420
2396
2390
2390
2389
2386
2385
2377
2374
2372
2370
2359
2359
2350
2346
2343
2341
2337
2336
2335
2334
2324
2304
2303
2302
2293
2292
2287
2285
2285
2284
2284
2279
2268
2258
2258
2256
2256
2244
2241
2230
2223
2212
2208
2202
2198
2196
2193
2176
2175
2168
2162
2159
2154
2147
2145
2138
2133
2132
2131
2122
2121
2117
2116
2106
2101
2099
2097
2084
2082
2081
2080
2080
2079
2077
2077
2077
2076
2071
2067
2062
2051
2030
2025
2022
2019
2007
2003
2001
2000
1998
1988
1978
1977
1977
1974
1974
1970
1967
1967
1964
1963
1958
1956
1956
1952
1949
1947
1944
1943
1943
1941
1940
1938
1937
1932
1931
1928
1923
1920
1918
1915
1910
1907
1903
1899
1899
1893
1892
1890
1889
1885
1876
1869
1868
1861
1859
1855
1851
1829
1822
1821
1819
1815
1813
1810
1807
1807
1805
1804
1798
1797
1790
1788
1787
1785
1784
1783
1782
1777
1775
1773
1768
1766
1766
1764
1759
1754
1753
1743
1739
1737
1733
1722
1721
1721
1719
1716
1716
1712
1710
1708
1699
1694
1685
1673
1672
1666
1658
1652
1651
1648
1645
1636
1626
1623
1619
1619
1612
1612
1607
1598
1597
1597
1594
1594
1591
1591
1588
1571
1568
1568
1556
1554
1547
1541
1531
1529
1528
1525
1522
1521
1504
1501
1499
1481
1470
1468
1458
1454
1449
1445
1444
1443
1440
1433
1424
1419
1419
1416
1413
1410
1406
1403
1401
1399
1396
1393
1375
1370
1353
1352
1346
1335
1333
1329
1326
1319
1313
1311
1305
1298
1297
1296
1291
1278
1273
1260
1256
1240
1231
1219
1216
1212
1210
1207
1194
1189
1184
1179
1173
1173
1164
1163
1154
1151
1151
1125
1113
1109
1107
1102
1094
1091
1086
1086
1085
1084
1075
1070
1069
1065
1019
978
967
964
942
940
922
920
904
898
897
888
882
881
875
874
873
873
872
864
857
857
813
761
711
678
655
582
535
478
459
430
303
146
