    -9.80000      0.05000
    -9.40000      0.05000
    -9.00000      0.20000
    -8.60000      0.25000
    -8.20000      1.25000
    -7.80000      2.10000
    -7.40000      4.55000
    -7.00000      6.20000
    -6.60000      8.10000
    -6.20000     11.50000
    -5.80000     14.10000
    -5.40000     17.50000
    -5.00000     20.45000
    -4.60000     24.50000
    -4.20000     27.80000
    -3.80000     28.65000
    -3.40000     28.35000
    -3.00000     34.50000
    -2.60000     38.60000
    -2.20000     36.70000
    -1.80000     39.25000
    -1.40000     39.05000
    -1.00000     35.90000
    -0.60000     35.80000
    -0.20000     33.80000
     0.20000     34.00000
     0.60000     35.30000
     1.00000     35.85000
     1.40000     37.40000
     1.80000     37.35000
     2.20000     38.40000
     2.60000     34.25000
     3.00000     30.90000
     3.40000     30.00000
     3.80000     27.40000
     4.20000     27.20000
     4.60000     26.10000
     5.00000     20.70000
     5.40000     16.75000
     5.80000     12.40000
     6.20000     11.50000
     6.60000      7.55000
     7.00000      5.80000
     7.40000      3.95000
     7.80000      2.15000
     8.20000      1.00000
     8.60000      0.20000
     9.00000      0.10000
     9.40000      0.20000
     9.80000      0.05000
 after hadron evolution
    -9.80000      0.00000
    -9.40000      0.00000
    -9.00000      0.25000
    -8.60000      0.15000
    -8.20000      0.70000
    -7.80000      2.40000
    -7.40000      4.90000
    -7.00000      8.45000
    -6.60000     13.60000
    -6.20000     18.90000
    -5.80000     23.60000
    -5.40000     28.55000
    -5.00000     33.95000
    -4.60000     40.30000
    -4.20000     43.80000
    -3.80000     47.80000
    -3.40000     50.10000
    -3.00000     55.55000
    -2.60000     58.80000
    -2.20000     61.50000
    -1.80000     61.65000
    -1.40000     64.20000
    -1.00000     63.00000
    -0.60000     63.15000
    -0.20000     59.95000
     0.20000     60.90000
     0.60000     62.50000
     1.00000     62.55000
     1.40000     62.80000
     1.80000     62.40000
     2.20000     59.70000
     2.60000     56.90000
     3.00000     52.50000
     3.40000     49.75000
     3.80000     45.35000
     4.20000     42.85000
     4.60000     40.35000
     5.00000     31.65000
     5.40000     26.85000
     5.80000     21.55000
     6.20000     17.35000
     6.60000     11.35000
     7.00000      7.00000
     7.40000      3.90000
     7.80000      2.40000
     8.20000      0.85000
     8.60000      0.20000
     9.00000      0.15000
     9.40000      0.00000
     9.80000      0.00000
