 after hadron evolution
     0.02500     59.42698
     0.07500     39.50946
     0.12500     27.21216
     0.17500     21.50070
     0.22500     21.12465
     0.27500     14.87659
     0.32500     12.23931
     0.37500     10.14606
     0.42500      8.48858
     0.47500      6.60358
     0.52500      4.32295
     0.57500      3.17147
     0.62500      2.68579
     0.67500      2.91242
     0.72500      2.78837
     0.77500      1.88072
     0.82500      0.91263
     0.87500      1.16402
     0.92500      0.97934
     0.97500      0.68026
     1.02500      0.52486
     1.07500      0.38279
     1.12500      0.12280
     1.17500      0.48239
     1.22500      0.11673
     1.27500      0.11345
     1.32500      0.33238
     1.37500      0.21355
     1.47500      0.10172
     1.72500      0.17955
     1.82500      0.08645
