    -9.80000      0.00000
    -9.40000      0.00000
    -9.00000      0.00000
    -8.60000      0.05000
    -8.20000      0.35000
    -7.80000    191.09999
    -7.40000      3.10000
    -7.00000      6.50000
    -6.60000     11.95000
    -6.20000     19.65000
    -5.80000     22.40000
    -5.40000     31.40000
    -5.00000     33.95000
    -4.60000     43.40000
    -4.20000     52.40000
    -3.80000     58.25000
    -3.40000     61.34999
    -3.00000     64.70000
    -2.60000     69.95000
    -2.20000     73.74999
    -1.80000     78.74999
    -1.40000     86.35000
    -1.00000     83.74999
    -0.60000     89.89999
    -0.20000     94.59999
     0.20000     93.89999
     0.60000     85.39999
     1.00000     87.30000
     1.40000     84.49999
     1.80000     75.64999
     2.20000     77.64999
     2.60000     66.49999
     3.00000     61.59999
     3.40000     58.59999
     3.80000     56.25000
     4.20000     52.25000
     4.60000     41.25000
     5.00000     34.30000
     5.40000     29.55000
     5.80000     22.30000
     6.20000     17.75000
     6.60000     12.50000
     7.00000      6.30000
     7.40000      2.55000
     7.80000    191.54999
     8.20000      0.05000
     8.60000      0.00000
     9.00000      0.00000
     9.40000      0.00000
     9.80000      0.00000
 after hadron evolution
    -9.80000      0.00000
    -9.40000      0.00000
    -9.00000      0.00000
    -8.60000      0.15000
    -8.20000      0.75000
    -7.80000    192.74998
    -7.40000      5.70000
    -7.00000     13.50000
    -6.60000     21.10000
    -6.20000     31.40000
    -5.80000     38.50000
    -5.40000     52.60000
    -5.00000     60.55000
    -4.60000     73.30000
    -4.20000     85.05000
    -3.80000     92.99999
    -3.40000     98.45000
    -3.00000    107.55000
    -2.60000    111.70000
    -2.20000    119.24999
    -1.80000    123.84999
    -1.40000    133.39999
    -1.00000    142.04999
    -0.60000    153.79999
    -0.20000    151.99998
     0.20000    153.99998
     0.60000    147.09999
     1.00000    145.04999
     1.40000    139.54999
     1.80000    126.69999
     2.20000    117.94999
     2.60000    107.84999
     3.00000    100.09999
     3.40000     94.74999
     3.80000     84.20000
     4.20000     84.35000
     4.60000     67.95000
     5.00000     57.80000
     5.40000     49.55000
     5.80000     38.15000
     6.20000     27.80000
     6.60000     19.25000
     7.00000     11.00000
     7.40000      5.25000
     7.80000    192.64999
     8.20000      0.35000
     8.60000      0.10000
     9.00000      0.00000
     9.40000      0.00000
     9.80000      0.00000
