    -9.80000      0.00000
    -9.40000      0.00000
    -9.00000      0.00000
    -8.60000      0.15000
    -8.20000      0.60000
    -7.80000      1.35000
    -7.40000      3.25000
    -7.00000      8.00000
    -6.60000     15.40000
    -6.20000     25.10000
    -5.80000     34.90000
    -5.40000     46.75000
    -5.00000     56.30000
    -4.60000     72.55000
    -4.20000     82.55000
    -3.80000     95.55000
    -3.40000    102.74999
    -3.00000    106.89999
    -2.60000    116.39999
    -2.20000    122.24999
    -1.80000    130.79999
    -1.40000    141.95000
    -1.00000    140.64999
    -0.60000    155.14999
    -0.20000    159.59999
     0.20000    156.24998
     0.60000    146.79999
     1.00000    145.89999
     1.40000    143.29999
     1.80000    134.95000
     2.20000    125.24999
     2.60000    110.55000
     3.00000    100.59999
     3.40000     98.80000
     3.80000     88.10000
     4.20000     80.85000
     4.60000     64.45000
     5.00000     54.65000
     5.40000     44.45000
     5.80000     33.35000
     6.20000     23.55000
     6.60000     13.65000
     7.00000      7.20000
     7.40000      3.10000
     7.80000      1.15000
     8.20000      0.05000
     8.60000      0.05000
     9.00000      0.00000
     9.40000      0.00000
     9.80000      0.00000
 after hadron evolution
    -9.80000      0.00000
    -9.40000      0.00000
    -9.00000      0.00000
    -8.60000      0.30000
    -8.20000      1.20000
    -7.80000      4.05000
    -7.40000      7.65000
    -7.00000     18.55000
    -6.60000     29.60000
    -6.20000     43.95000
    -5.80000     58.95000
    -5.40000     78.60000
    -5.00000     93.24999
    -4.60000    113.89999
    -4.20000    128.09999
    -3.80000    143.79999
    -3.40000    152.70000
    -3.00000    159.54999
    -2.60000    167.49998
    -2.20000    181.14999
    -1.80000    187.84999
    -1.40000    204.04999
    -1.00000    213.04999
    -0.60000    228.54999
    -0.20000    229.14999
     0.20000    228.59999
     0.60000    220.99998
     1.00000    213.89999
     1.40000    213.64999
     1.80000    199.14999
     2.20000    178.54999
     2.60000    164.09999
     3.00000    153.49998
     3.40000    148.95000
     3.80000    129.39999
     4.20000    126.34999
     4.60000    102.95000
     5.00000     85.45000
     5.40000     72.49999
     5.80000     57.10000
     6.20000     40.50000
     6.60000     26.15000
     7.00000     15.70000
     7.40000      7.55000
     7.80000      3.00000
     8.20000      0.75000
     8.60000      0.15000
     9.00000      0.00000
     9.40000      0.00000
     9.80000      0.00000
