    -9.80000      0.00000
    -9.40000      0.00000
    -9.00000      0.00000
    -8.60000      0.05000
    -8.20000      0.25000
    -7.80000      0.45000
    -7.40000      0.75000
    -7.00000      1.00000
    -6.60000      1.55000
    -6.20000      2.65000
    -5.80000      4.25000
    -5.40000      6.40000
    -5.00000      8.25000
    -4.60000     10.50000
    -4.20000     11.65000
    -3.80000     13.45000
    -3.40000     15.05000
    -3.00000     18.00000
    -2.60000     17.15000
    -2.20000     18.40000
    -1.80000     21.40000
    -1.40000     22.55000
    -1.00000     20.95000
    -0.60000     21.90000
    -0.20000     21.60000
     0.20000     20.80000
     0.60000     20.20000
     1.00000     23.10000
     1.40000     24.25000
     1.80000     20.00000
     2.20000     22.30000
     2.60000     17.15000
     3.00000     14.40000
     3.40000     14.65000
     3.80000     12.10000
     4.20000     12.25000
     4.60000     10.50000
     5.00000      9.15000
     5.40000      5.90000
     5.80000      4.65000
     6.20000      2.20000
     6.60000      1.65000
     7.00000      1.15000
     7.40000      0.65000
     7.80000      0.30000
     8.20000      0.05000
     8.60000      0.00000
     9.00000      0.00000
     9.40000      0.00000
     9.80000      0.00000
 after hadron evolution
    -9.80000      0.00000
    -9.40000      0.00000
    -9.00000      0.00000
    -8.60000      0.05000
    -8.20000      0.30000
    -7.80000      1.45000
    -7.40000      2.50000
    -7.00000      5.45000
    -6.60000      7.40000
    -6.20000     10.85000
    -5.80000     15.95000
    -5.40000     20.90000
    -5.00000     25.30000
    -4.60000     30.80000
    -4.20000     33.65000
    -3.80000     38.00000
    -3.40000     40.35000
    -3.00000     44.85000
    -2.60000     44.70000
    -2.20000     46.60000
    -1.80000     48.35000
    -1.40000     52.00000
    -1.00000     56.15000
    -0.60000     59.90000
    -0.20000     59.05000
     0.20000     57.40000
     0.60000     56.60000
     1.00000     58.25000
     1.40000     58.65000
     1.80000     50.40000
     2.20000     48.70000
     2.60000     41.50000
     3.00000     38.95000
     3.40000     39.45000
     3.80000     33.90000
     4.20000     32.30000
     4.60000     27.90000
     5.00000     24.70000
     5.40000     20.20000
     5.80000     15.65000
     6.20000     10.15000
     6.60000      6.65000
     7.00000      4.35000
     7.40000      2.10000
     7.80000      0.60000
     8.20000      0.15000
     8.60000      0.05000
     9.00000      0.00000
     9.40000      0.00000
     9.80000      0.00000
