    -9.80000      0.00000
    -9.40000      0.00000
    -9.00000      0.00000
    -8.60000      0.05000
    -8.20000      0.20000
    -7.80000      0.20000
    -7.40000      0.30000
    -7.00000      1.30000
    -6.60000      2.00000
    -6.20000      3.05000
    -5.80000      4.40000
    -5.40000      5.15000
    -5.00000      7.60000
    -4.60000      9.20000
    -4.20000     10.40000
    -3.80000     11.90000
    -3.40000     14.00000
    -3.00000     15.35000
    -2.60000     18.75000
    -2.20000     20.15000
    -1.80000     22.05000
    -1.40000     25.00000
    -1.00000     23.30000
    -0.60000     24.80000
    -0.20000     24.40000
     0.20000     24.15000
     0.60000     23.60000
     1.00000     22.65000
     1.40000     25.05000
     1.80000     22.35000
     2.20000     21.65000
     2.60000     15.65000
     3.00000     14.65000
     3.40000     13.40000
     3.80000     12.15000
     4.20000     10.00000
     4.60000      7.05000
     5.00000      6.30000
     5.40000      5.20000
     5.80000      3.60000
     6.20000      2.80000
     6.60000      1.95000
     7.00000      0.95000
     7.40000      0.50000
     7.80000      0.40000
     8.20000      0.00000
     8.60000      0.00000
     9.00000      0.00000
     9.40000      0.00000
     9.80000      0.00000
 after hadron evolution
    -9.80000      0.00000
    -9.40000      0.00000
    -9.00000      0.00000
    -8.60000      0.15000
    -8.20000      0.40000
    -7.80000      1.60000
    -7.40000      2.65000
    -7.00000      6.80000
    -6.60000     11.35000
    -6.20000     16.45000
    -5.80000     21.55000
    -5.40000     26.00000
    -5.00000     32.30000
    -4.60000     38.10000
    -4.20000     41.85000
    -3.80000     46.95000
    -3.40000     51.25000
    -3.00000     49.65000
    -2.60000     52.55000
    -2.20000     57.70000
    -1.80000     60.65000
    -1.40000     67.05000
    -1.00000     68.24999
    -0.60000     70.85000
    -0.20000     76.24999
     0.20000     74.60000
     0.60000     70.45000
     1.00000     65.80000
     1.40000     70.14999
     1.80000     66.95000
     2.20000     58.55000
     2.60000     53.75000
     3.00000     50.75000
     3.40000     50.10000
     3.80000     42.35000
     4.20000     40.70000
     4.60000     32.85000
     5.00000     27.60000
     5.40000     23.90000
     5.80000     19.95000
     6.20000     14.95000
     6.60000      9.95000
     7.00000      6.55000
     7.40000      2.85000
     7.80000      1.20000
     8.20000      0.40000
     8.60000      0.05000
     9.00000      0.00000
     9.40000      0.00000
     9.80000      0.00000
