    -9.80000      0.00000
    -9.40000      0.00000
    -9.00000      0.00000
    -8.60000      0.00000
    -8.20000      0.00000
    -7.80000    190.09999
    -7.40000      0.45000
    -7.00000      1.05000
    -6.60000      1.40000
    -6.20000      2.25000
    -5.80000      1.65000
    -5.40000      1.25000
    -5.00000      0.95000
    -4.60000      0.85000
    -4.20000      1.40000
    -3.80000      1.30000
    -3.40000      1.15000
    -3.00000      1.40000
    -2.60000      1.80000
    -2.20000      2.15000
    -1.80000      2.30000
    -1.40000      2.40000
    -1.00000      3.30000
    -0.60000      3.80000
    -0.20000      4.75000
     0.20000      4.05000
     0.60000      2.75000
     1.00000      3.55000
     1.40000      2.70000
     1.80000      2.10000
     2.20000      2.85000
     2.60000      2.35000
     3.00000      1.75000
     3.40000      1.05000
     3.80000      1.20000
     4.20000      1.15000
     4.60000      0.60000
     5.00000      0.85000
     5.40000      1.05000
     5.80000      1.10000
     6.20000      1.55000
     6.60000      1.80000
     7.00000      1.45000
     7.40000      0.55000
     7.80000    190.84999
     8.20000      0.00000
     8.60000      0.00000
     9.00000      0.00000
     9.40000      0.00000
     9.80000      0.00000
 after hadron evolution
    -9.80000      0.00000
    -9.40000      0.00000
    -9.00000      0.00000
    -8.60000      0.00000
    -8.20000      0.00000
    -7.80000    190.34999
    -7.40000      0.80000
    -7.00000      1.85000
    -6.60000      3.25000
    -6.20000      4.75000
    -5.80000      3.10000
    -5.40000      3.10000
    -5.00000      2.20000
    -4.60000      2.55000
    -4.20000      3.20000
    -3.80000      2.80000
    -3.40000      3.05000
    -3.00000      2.85000
    -2.60000      3.00000
    -2.20000      3.55000
    -1.80000      3.45000
    -1.40000      3.75000
    -1.00000      4.90000
    -0.60000      5.60000
    -0.20000      6.65000
     0.20000      6.55000
     0.60000      5.05000
     1.00000      5.40000
     1.40000      4.15000
     1.80000      3.90000
     2.20000      4.55000
     2.60000      3.85000
     3.00000      2.80000
     3.40000      2.75000
     3.80000      3.00000
     4.20000      2.90000
     4.60000      1.90000
     5.00000      2.25000
     5.40000      2.70000
     5.80000      2.55000
     6.20000      3.45000
     6.60000      3.65000
     7.00000      2.35000
     7.40000      0.65000
     7.80000    190.84999
     8.20000      0.00000
     8.60000      0.00000
     9.00000      0.00000
     9.40000      0.00000
     9.80000      0.00000
