    -9.80000      0.00000
    -9.40000      0.00000
    -9.00000      0.00000
    -8.60000      0.00000
    -8.20000      0.10000
    -7.80000      0.45000
    -7.40000      1.25000
    -7.00000      3.20000
    -6.60000      4.90000
    -6.20000      8.05000
    -5.80000     10.15000
    -5.40000     15.55000
    -5.00000     16.05000
    -4.60000     21.20000
    -4.20000     26.45000
    -3.80000     29.90000
    -3.40000     30.40000
    -3.00000     31.40000
    -2.60000     35.45000
    -2.20000     36.30000
    -1.80000     40.10000
    -1.40000     44.35000
    -1.00000     42.30000
    -0.60000     45.05000
    -0.20000     46.60000
     0.20000     47.40000
     0.60000     42.30000
     1.00000     43.20000
     1.40000     40.65000
     1.80000     37.95000
     2.20000     37.45000
     2.60000     33.65000
     3.00000     31.10000
     3.40000     28.90000
     3.80000     29.45000
     4.20000     26.80000
     4.60000     20.35000
     5.00000     16.05000
     5.40000     14.50000
     5.80000      9.90000
     6.20000      8.55000
     6.60000      5.05000
     7.00000      1.90000
     7.40000      1.00000
     7.80000      0.35000
     8.20000      0.00000
     8.60000      0.00000
     9.00000      0.00000
     9.40000      0.00000
     9.80000      0.00000
 after hadron evolution
    -9.80000      0.00000
    -9.40000      0.00000
    -9.00000      0.00000
    -8.60000      0.10000
    -8.20000      0.45000
    -7.80000      0.95000
    -7.40000      2.35000
    -7.00000      5.90000
    -6.60000      9.75000
    -6.20000     14.60000
    -5.80000     17.65000
    -5.40000     26.00000
    -5.00000     30.15000
    -4.60000     35.50000
    -4.20000     43.10000
    -3.80000     46.85000
    -3.40000     47.90000
    -3.00000     53.00000
    -2.60000     55.30000
    -2.20000     60.59999
    -1.80000     64.10000
    -1.40000     68.39999
    -1.00000     70.45000
    -0.60000     77.64999
    -0.20000     74.49999
     0.20000     76.64999
     0.60000     74.20000
     1.00000     71.20000
     1.40000     67.14999
     1.80000     63.45000
     2.20000     57.10000
     2.60000     55.00000
     3.00000     51.35000
     3.40000     47.10000
     3.80000     42.30000
     4.20000     44.45000
     4.60000     34.05000
     5.00000     27.55000
     5.40000     23.20000
     5.80000     17.90000
     6.20000     13.00000
     6.60000      8.40000
     7.00000      4.00000
     7.40000      2.35000
     7.80000      1.15000
     8.20000      0.20000
     8.60000      0.05000
     9.00000      0.00000
     9.40000      0.00000
     9.80000      0.00000
