    -9.80000      0.00000
    -9.40000      0.00000
    -9.00000      0.00000
    -8.60000      0.00000
    -8.20000      0.10000
    -7.80000      0.40000
    -7.40000      0.75000
    -7.00000      1.70000
    -6.60000      2.10000
    -6.20000      3.05000
    -5.80000      4.10000
    -5.40000      6.95000
    -5.00000      6.65000
    -4.60000     10.05000
    -4.20000     13.80000
    -3.80000     15.10000
    -3.40000     14.95000
    -3.00000     17.00000
    -2.60000     19.50000
    -2.20000     19.80000
    -1.80000     21.70000
    -1.40000     23.05000
    -1.00000     21.10000
    -0.60000     22.00000
    -0.20000     22.20000
     0.20000     21.95000
     0.60000     20.05000
     1.00000     22.30000
     1.40000     21.45000
     1.80000     20.10000
     2.20000     19.60000
     2.60000     16.70000
     3.00000     14.80000
     3.40000     14.75000
     3.80000     14.00000
     4.20000     14.05000
     4.60000     10.65000
     5.00000      7.65000
     5.40000      6.50000
     5.80000      4.60000
     6.20000      3.95000
     6.60000      2.00000
     7.00000      0.85000
     7.40000      0.70000
     7.80000      0.30000
     8.20000      0.00000
     8.60000      0.00000
     9.00000      0.00000
     9.40000      0.00000
     9.80000      0.00000
 after hadron evolution
    -9.80000      0.00000
    -9.40000      0.00000
    -9.00000      0.00000
    -8.60000      0.10000
    -8.20000      0.45000
    -7.80000      0.95000
    -7.40000      2.25000
    -7.00000      5.60000
    -6.60000      8.85000
    -6.20000     12.90000
    -5.80000     15.15000
    -5.40000     22.50000
    -5.00000     24.80000
    -4.60000     30.15000
    -4.20000     35.15000
    -3.80000     38.30000
    -3.40000     39.15000
    -3.00000     42.20000
    -2.60000     45.80000
    -2.20000     48.50000
    -1.80000     51.10000
    -1.40000     53.65000
    -1.00000     55.40000
    -0.60000     60.25000
    -0.20000     57.75000
     0.20000     59.25000
     0.60000     58.75000
     1.00000     56.35000
     1.40000     52.55000
     1.80000     49.70000
     2.20000     46.60000
     2.60000     42.85000
     3.00000     40.70000
     3.40000     38.80000
     3.80000     34.55000
     4.20000     36.65000
     4.60000     28.85000
     5.00000     23.20000
     5.40000     19.25000
     5.80000     15.55000
     6.20000     11.75000
     6.60000      7.85000
     7.00000      3.75000
     7.40000      2.35000
     7.80000      1.15000
     8.20000      0.20000
     8.60000      0.05000
     9.00000      0.00000
     9.40000      0.00000
     9.80000      0.00000
