    -9.80000      0.00000
    -9.40000      0.00000
    -9.00000      0.00000
    -8.60000      0.00000
    -8.20000      0.00000
    -7.80000      0.00000
    -7.40000      0.00000
    -7.00000      0.00000
    -6.60000      0.00000
    -6.20000      0.10000
    -5.80000      0.10000
    -5.40000      0.35000
    -5.00000      0.40000
    -4.60000      0.10000
    -4.20000      0.65000
    -3.80000      0.90000
    -3.40000      1.15000
    -3.00000      1.35000
    -2.60000      1.60000
    -2.20000      2.55000
    -1.80000      2.85000
    -1.40000      3.20000
    -1.00000      2.90000
    -0.60000      3.60000
    -0.20000      4.05000
     0.20000      3.90000
     0.60000      2.95000
     1.00000      2.05000
     1.40000      2.80000
     1.80000      2.30000
     2.20000      3.20000
     2.60000      1.75000
     3.00000      1.60000
     3.40000      1.25000
     3.80000      1.25000
     4.20000      0.75000
     4.60000      0.65000
     5.00000      0.30000
     5.40000      0.45000
     5.80000      0.25000
     6.20000      0.30000
     6.60000      0.05000
     7.00000      0.00000
     7.40000      0.00000
     7.80000      0.00000
     8.20000      0.00000
     8.60000      0.00000
     9.00000      0.00000
     9.40000      0.00000
     9.80000      0.00000
 after hadron evolution
    -9.80000      0.00000
    -9.40000      0.00000
    -9.00000      0.00000
    -8.60000      0.00000
    -8.20000      0.00000
    -7.80000      0.00000
    -7.40000      0.00000
    -7.00000      0.00000
    -6.60000      0.10000
    -6.20000      0.20000
    -5.80000      0.25000
    -5.40000      1.15000
    -5.00000      0.85000
    -4.60000      0.90000
    -4.20000      1.65000
    -3.80000      1.95000
    -3.40000      2.55000
    -3.00000      2.40000
    -2.60000      3.05000
    -2.20000      4.35000
    -1.80000      4.35000
    -1.40000      4.50000
    -1.00000      4.05000
    -0.60000      5.90000
    -0.20000      6.30000
     0.20000      6.05000
     0.60000      4.60000
     1.00000      3.75000
     1.40000      4.65000
     1.80000      3.85000
     2.20000      4.95000
     2.60000      3.35000
     3.00000      3.20000
     3.40000      2.50000
     3.80000      2.60000
     4.20000      1.75000
     4.60000      1.30000
     5.00000      0.75000
     5.40000      0.95000
     5.80000      0.70000
     6.20000      0.65000
     6.60000      0.10000
     7.00000      0.00000
     7.40000      0.00000
     7.80000      0.00000
     8.20000      0.00000
     8.60000      0.00000
     9.00000      0.00000
     9.40000      0.00000
     9.80000      0.00000
