    -9.80000      0.00000
    -9.40000      0.00000
    -9.00000      0.00000
    -8.60000      0.00000
    -8.20000      0.15000
    -7.80000    479.54996
    -7.40000      1.75000
    -7.00000      4.25000
    -6.60000      8.50000
    -6.20000      8.80000
    -5.80000      6.65000
    -5.40000      4.70000
    -5.00000      3.25000
    -4.60000      3.25000
    -4.20000      2.60000
    -3.80000      1.25000
    -3.40000      1.35000
    -3.00000      0.00000
    -2.60000      0.40000
    -2.20000     -0.75000
    -1.80000     -1.15000
    -1.40000     -1.70000
    -1.00000      0.00000
    -0.60000     -1.05000
    -0.20000      0.05000
     0.20000      0.20000
     0.60000      0.05000
     1.00000     -0.75000
     1.40000     -0.05000
     1.80000     -0.45000
     2.20000     -0.60000
     2.60000      0.30000
     3.00000     -1.10000
     3.40000      1.20000
     3.80000      1.00000
     4.20000      2.15000
     4.60000      0.80000
     5.00000      3.00000
     5.40000      3.40000
     5.80000      4.80000
     6.20000      7.80000
     6.60000      8.50000
     7.00000      4.40000
     7.40000      1.60000
     7.80000    481.84998
     8.20000      0.05000
     8.60000      0.00000
     9.00000      0.00000
     9.40000      0.00000
     9.80000      0.00000
 after hadron evolution
    -9.80000      0.00000
    -9.40000      0.00000
    -9.00000      0.00000
    -8.60000      0.00000
    -8.20000      0.15000
    -7.80000    479.59998
    -7.40000      1.70000
    -7.00000      4.50000
    -6.60000      8.00000
    -6.20000      9.30000
    -5.80000      6.55000
    -5.40000      4.65000
    -5.00000      2.60000
    -4.60000      4.20000
    -4.20000      2.40000
    -3.80000      1.10000
    -3.40000      1.10000
    -3.00000      0.00000
    -2.60000      0.30000
    -2.20000     -0.65000
    -1.80000     -1.35000
    -1.40000     -1.70000
    -1.00000      0.35000
    -0.60000     -0.75000
    -0.20000     -0.75000
     0.20000      0.70000
     0.60000      0.05000
     1.00000     -0.50000
     1.40000     -0.50000
     1.80000      0.20000
     2.20000     -0.65000
     2.60000     -0.15000
     3.00000     -0.80000
     3.40000      0.90000
     3.80000      1.05000
     4.20000      2.10000
     4.60000      0.50000
     5.00000      3.10000
     5.40000      3.50000
     5.80000      4.95000
     6.20000      7.65000
     6.60000      8.40000
     7.00000      4.65000
     7.40000      1.60000
     7.80000    481.89996
     8.20000      0.05000
     8.60000      0.00000
     9.00000      0.00000
     9.40000      0.00000
     9.80000      0.00000
